data/beyonce.wav 0 0.286075 0.579641 0.00136135 -253.947 27.8488 -1.07996 4.97815 1.0775 3.07527 1.07478 1.45758 0.81274 1.65832 -3.78068e-14 -1.65832 -0.81274 -1.45758 -1.07478 -3.07527 -1.0775 -4.97815 1.07996 -27.8488 
data/beyonce.wav 2.12295 0.208602 1.07339 0.00159265 -221.855 29.4196 -2.80957 3.01132 -4.6366 1.26608 -2.4796 4.88759 0.967679 -1.26211 -3.72498e-14 1.26211 -0.967679 -4.88759 2.4796 -1.26608 4.6366 -3.01132 2.80957 -29.4196 
data/beyonce.wav 4.24592 0.155294 1.03328 0.00221735 -220.581 31.9903 0.402677 9.51376 0.474866 6.69874 -0.578715 3.91732 -0.17194 0.221721 -3.70907e-14 -0.221721 0.17194 -3.91732 0.578715 -6.69874 -0.474866 -9.51376 -0.402677 -31.9903 
data/beyonce.wav 6.36889 0.225459 1.21827 0.00139798 -221.654 25.3621 -8.27465 1.33899 -2.78669 3.22625 -4.13537 1.75446 -0.612102 -0.540766 -3.58596e-14 0.540766 0.612102 -1.75446 4.13537 -3.22625 2.78669 -1.33899 8.27465 -25.3621 
data/beyonce.wav 8.49186 0.175632 1.07765 0.001562 -223.244 30.4717 -6.66931 3.06753 -4.46968 2.11277 -2.25925 3.84064 -0.820433 -0.338 -3.4523e-14 0.338 0.820433 -3.84064 2.25925 -2.11277 4.46968 -3.06753 6.66931 -30.4717 
data/beyonce.wav 10.6148 0.215675 0.937481 0.00153833 -225.502 22.9786 -1.30679 9.68299 0.830354 6.59731 -2.10919 1.92065 -0.770714 1.18254 -3.78573e-14 -1.18254 0.770714 -1.92065 2.10919 -6.59731 -0.830354 -9.68299 1.30679 -22.9786 
data/beyonce.wav 12.7378 0.16191 0.890968 0.0011445 -238.744 34.0335 -0.742448 2.95569 -3.58446 1.36719 -3.2975 2.14804 0.0412203 -1.52195 -4.07172e-14 1.52195 -0.0412203 -2.14804 3.2975 -1.36719 3.58446 -2.95569 0.742448 -34.0335 
data/beyonce.wav 14.8608 0.159198 0.989847 0.00172638 -228.888 32.0576 -3.94464 4.33364 -2.58178 2.28202 -0.286746 0.560817 -0.861223 0.0863254 -3.48922e-14 -0.0863254 0.861223 -0.560817 0.286746 -2.28202 2.58178 -4.33364 3.94464 -32.0576 
data/beyonce.wav 16.9837 0.198543 0.993732 0.00122032 -233.258 28.0234 -0.295867 5.78413 -0.260328 5.66047 -2.35181 0.001439 -1.10902 -0.414839 -4.11334e-14 0.414839 1.10902 -0.001439 2.35181 -5.66047 0.260328 -5.78413 0.295867 -28.0234 
data/beyonce.wav 19.1067 0.169569 0.809486 0.0016755 -220.646 34.3492 -3.44419 9.00708 0.46352 5.14612 -3.54768 0.858102 -1.117 -1.05208 -3.58114e-14 1.05208 1.117 -0.858102 3.54768 -5.14612 -0.46352 -9.00708 3.44419 -34.3492 
data/beyonce.wav 21.2297 0.15953 1.01238 0.0017771 -220.019 33.9922 -5.79114 6.4044 0.278895 3.07996 -2.87017 1.08028 -0.777078 -0.830967 -3.23653e-14 0.830967 0.777078 -1.08028 2.87017 -3.07996 -0.278895 -6.4044 5.79114 -33.9922 
data/beyonce.wav 23.3526 0.139015 1.1238 0.00143251 -235.5 37.0843 -5.56434 4.28092 -0.513484 1.17686 -2.75771 3.44896 1.78781 -0.417219 -3.38515e-14 0.417219 -1.78781 -3.44896 2.75771 -1.17686 0.513484 -4.28092 5.56434 -37.0843 
data/beyonce.wav 25.4756 0.173219 1.01725 0.00149416 -222.529 32.6238 -5.49606 4.31594 -0.0931189 4.9254 -1.59676 0.154023 -0.488016 0.620081 -3.43571e-14 -0.620081 0.488016 -0.154023 1.59676 -4.9254 0.0931189 -4.31594 5.49606 -32.6238 
data/beyonce.wav 27.5986 0.168194 0.909421 0.00151643 -221.808 33.1577 -8.89863 4.43893 0.0992824 2.97221 -4.8842 2.15264 -0.748709 0.320097 -3.11248e-14 -0.320097 0.748709 -2.15264 4.8842 -2.97221 -0.0992824 -4.43893 8.89863 -33.1577 
data/beyonce.wav 29.7215 0.165432 0.828542 0.00153769 -229.817 30.0977 -2.73008 6.10769 -0.219241 3.81176 0.189357 2.62387 -0.396611 -0.246666 -3.52535e-14 0.246666 0.396611 -2.62387 -0.189357 -3.81176 0.219241 -6.10769 2.73008 -30.0977 
data/beyonce.wav 31.8445 0.170355 1.08997 0.00168274 -219.37 30.7712 -9.15518 4.11464 -0.141416 4.56068 -1.5294 1.49793 0.276536 0.114039 -3.21465e-14 -0.114039 -0.276536 -1.49793 1.5294 -4.56068 0.141416 -4.11464 9.15518 -30.7712 
data/beyonce.wav 33.9675 0.137667 1.03924 0.00177632 -228.491 35.2819 -5.52519 6.21477 2.07358 4.33533 -2.30744 3.5724 -0.727095 0.401424 -3.18598e-14 -0.401424 0.727095 -3.5724 2.30744 -4.33533 -2.07358 -6.21477 5.52519 -35.2819 
data/beyonce.wav 36.0904 0.147568 0.922566 0.00219088 -223.183 32.4171 -0.835279 10.323 2.36807 5.27435 -0.359419 2.22326 0.406759 1.06035 -3.36675e-14 -1.06035 -0.406759 -2.22326 0.359419 -5.27435 -2.36807 -10.323 0.835279 -32.4171 
data/beyonce.wav 38.2134 0.172157 1.15929 0.00159126 -220.419 34.277 -8.35507 2.19508 -2.06484 -1.44487 -5.44111 3.02054 0.999343 -0.755153 -3.00628e-14 0.755153 -0.999343 -3.02054 5.44111 1.44487 2.06484 -2.19508 8.35507 -34.277 
data/beyonce.wav 40.3364 0.17891 0.959845 0.0015686 -223.164 29.9214 -10.8003 3.62673 -0.0778786 1.57925 -3.99493 3.4918 -0.0703275 -0.228028 -2.94644e-14 0.228028 0.0703275 -3.4918 3.99493 -1.57925 0.0778786 -3.62673 10.8003 -29.9214 
data/beyonce.wav 42.4593 0.166593 0.912054 0.00192765 -220.977 30.7887 -3.78376 8.38029 0.382325 3.57188 -0.262379 2.06956 0.186237 0.365671 -3.22876e-14 -0.365671 -0.186237 -2.06956 0.262379 -3.57188 -0.382325 -8.38029 3.78376 -30.7887 
data/beyonce.wav 44.5823 0.160288 0.975909 0.00142442 -235.539 32.3707 -2.80301 5.80997 -0.851497 1.85619 0.911781 5.34107 1.87074 0.143971 -3.41191e-14 -0.143971 -1.87074 -5.34107 -0.911781 -1.85619 0.851497 -5.80997 2.80301 -32.3707 
data/beyonce.wav 46.7053 0.188068 1.02473 0.00157296 -224.195 28.7675 -5.4932 2.80195 -3.56228 -1.26257 -1.71275 0.678488 -0.0125867 0.401938 -3.16563e-14 -0.401938 0.0125867 -0.678488 1.71275 1.26257 3.56228 -2.80195 5.4932 -28.7675 
data/beyonce.wav 48.8282 0.194635 0.882128 0.00126112 -229.742 28.5934 -3.93545 3.28587 -1.62301 0.720013 -0.650529 4.28206 2.4049 0.910876 -3.34315e-14 -0.910876 -2.4049 -4.28206 0.650529 -0.720013 1.62301 -3.28587 3.93545 -28.5934 
data/beyonce.wav 50.9512 0.170454 1.02719 0.00188074 -218.986 34.0562 -4.67899 1.47065 -5.40354 -1.52654 -2.34842 2.25938 -0.0631115 -1.07066 -3.29155e-14 1.07066 0.0631115 -2.25938 2.34842 1.52654 5.40354 -1.47065 4.67899 -34.0562 
data/beyonce.wav 53.0742 0.195921 1.06517 0.00157871 -228.676 25.4513 -2.21285 8.40839 3.28715 5.12655 0.809487 1.96346 1.67223 1.21675 -3.41445e-14 -1.21675 -1.67223 -1.96346 -0.809487 -5.12655 -3.28715 -8.40839 2.21285 -25.4513 
data/beyonce.wav 55.1971 0.15984 1.05161 0.00172118 -222.106 35.3648 -3.51245 2.32464 -2.85041 0.289257 -2.1734 1.37322 -1.34119 -0.327769 -3.26606e-14 0.327769 1.34119 -1.37322 2.1734 -0.289257 2.85041 -2.32464 3.51245 -35.3648 
data/beyonce.wav 57.3201 0.17909 0.721148 0.00176053 -214.43 29.7905 -6.22826 4.57219 0.746184 4.3435 -2.66007 1.08181 -0.669639 0.241424 -3.21026e-14 -0.241424 0.669639 -1.08181 2.66007 -4.3435 -0.746184 -4.57219 6.22826 -29.7905 
data/beyonce.wav 59.4431 0.174582 0.7406 0.00167579 -221.212 30.7615 -3.40308 6.1985 2.18224 3.00607 -3.55975 2.37706 -0.509882 -0.681419 -3.27308e-14 0.681419 0.509882 -2.37706 3.55975 -3.00607 -2.18224 -6.1985 3.40308 -30.7615 
data/beyonce.wav 61.566 0.169569 0.893547 0.00190098 -214.511 32.2383 -7.25035 3.84473 1.85741 3.44835 -3.68638 0.946712 -0.991164 -0.0686057 -3.0107e-14 0.0686057 0.991164 -0.946712 3.68638 -3.44835 -1.85741 -3.84473 7.25035 -32.2383 
data/beyonce.wav 63.689 0.195052 0.79214 0.00145437 -217.573 27.2372 -6.10763 3.87207 -0.00350329 3.02464 -1.51238 2.11609 0.429735 0.466975 -3.18472e-14 -0.466975 -0.429735 -2.11609 1.51238 -3.02464 0.00350329 -3.87207 6.10763 -27.2372 
data/beyonce.wav 65.812 0.177531 0.934525 0.0019535 -219.006 30.7053 -1.72843 3.98384 -0.00557633 4.38714 -2.93436 2.00917 -1.2827 0.469232 -3.52883e-14 -0.469232 1.2827 -2.00917 2.93436 -4.38714 0.00557633 -3.98384 1.72843 -30.7053 
data/beyonce.wav 67.9349 0.164245 0.953247 0.00209084 -215.876 33.6781 -4.72476 6.1228 1.22632 4.12723 -0.826794 3.15755 0.102472 -1.03017 -3.18484e-14 1.03017 -0.102472 -3.15755 0.826794 -4.12723 -1.22632 -6.1228 4.72476 -33.6781 
data/beyonce.wav 70.0579 0.159051 0.940894 0.00149586 -228.395 36.6855 -3.63847 8.2727 2.14995 2.80824 -2.75074 -0.651822 -1.88283 -1.22206 -3.27076e-14 1.22206 1.88283 0.651822 2.75074 -2.80824 -2.14995 -8.2727 3.63847 -36.6855 
data/beyonce.wav 72.1809 0.139877 1.09789 0.00129158 -239.518 33.5128 -1.59156 4.60868 -0.415949 2.29658 -1.02322 2.35306 -0.509633 -0.441819 -3.65001e-14 0.441819 0.509633 -2.35306 1.02322 -2.29658 0.415949 -4.60868 1.59156 -33.5128 
data/beyonce.wav 74.3039 0.127972 1.02593 0.00228907 -223.616 36.6441 -0.0348546 10.4948 2.76845 3.6885 0.886286 1.39305 -0.366915 0.363399 -3.13751e-14 -0.363399 0.366915 -1.39305 -0.886286 -3.6885 -2.76845 -10.4948 0.0348546 -36.6441 
data/beyonce.wav 76.4268 0.15411 0.935376 0.0010321 -250.105 30.9534 0.551411 9.23569 5.41948 6.92904 -1.13338 -0.201914 -1.25141 -0.230079 -3.97476e-14 0.230079 1.25141 0.201914 1.13338 -6.92904 -5.41948 -9.23569 -0.551411 -30.9534 
data/beyonce.wav 78.5498 0.180963 1.02003 0.00137484 -234.223 27.5715 -4.56918 6.47742 0.609287 4.08322 -0.49218 1.06229 -0.355661 -0.707103 -3.6007e-14 0.707103 0.355661 -1.06229 0.49218 -4.08322 -0.609287 -6.47742 4.56918 -27.5715 
data/beyonce.wav 80.6727 0.155032 1.18081 0.00165267 -224.811 37.1988 -8.31293 3.73767 -0.14177 0.171338 -4.67623 -0.221515 -1.7984 -1.22362 -2.98825e-14 1.22362 1.7984 0.221515 4.67623 -0.171338 0.14177 -3.73767 8.31293 -37.1988 
data/beyonce.wav 82.7957 0.149373 0.922734 0.0012998 -237.095 31.7669 -3.99967 7.44573 1.81175 3.48748 -0.983557 2.5282 -1.10227 -0.962639 -3.41933e-14 0.962639 1.10227 -2.5282 0.983557 -3.48748 -1.81175 -7.44573 3.99967 -31.7669 
data/beyonce.wav 84.9187 0.168635 1.03116 0.00180568 -219.924 34.3351 -4.07278 2.80029 -2.59099 3.42317 -3.05845 2.85303 -0.345594 -1.35626 -3.65987e-14 1.35626 0.345594 -2.85303 3.05845 -3.42317 2.59099 -2.80029 4.07278 -34.3351 
data/beyonce.wav 87.0417 0.153204 1.02616 0.0017502 -225.834 34.5626 -8.3755 6.19608 2.75656 5.93148 -3.14011 2.16604 -0.800389 -0.26694 -3.24061e-14 0.26694 0.800389 -2.16604 3.14011 -5.93148 -2.75656 -6.19608 8.3755 -34.5626 
data/beyonce.wav 89.1646 0.173713 0.949082 0.00164337 -218.407 30.9461 -7.85811 7.2854 0.975089 2.40874 -2.57777 2.14444 -1.42267 1.21424 -2.75899e-14 -1.21424 1.42267 -2.14444 2.57777 -2.40874 -0.975089 -7.2854 7.85811 -30.9461 
data/beyonce.wav 91.2876 0.175487 1.00636 0.00150577 -223.115 32.7839 -6.01626 5.11656 0.413419 2.20684 -3.548 1.2486 -0.601365 -0.445243 -3.20914e-14 0.445243 0.601365 -1.2486 3.548 -2.20684 -0.413419 -5.11656 6.01626 -32.7839 
data/beyonce.wav 93.4105 0.185498 1.06561 0.00150477 -220.295 29.6782 -9.63944 5.26239 1.43326 2.17321 -3.36208 2.05391 -1.37461 -0.415274 -2.8443e-14 0.415274 1.37461 -2.05391 3.36208 -2.17321 -1.43326 -5.26239 9.63944 -29.6782 
data/beyonce.wav 95.5335 0.19066 0.866322 0.0014467 -219.751 27.2134 -7.23185 4.36588 0.593568 4.61699 -1.59509 1.23584 0.549185 1.28515 -3.2485e-14 -1.28515 -0.549185 -1.23584 1.59509 -4.61699 -0.593568 -4.36588 7.23185 -27.2134 
data/beyonce.wav 97.6565 0.158352 0.903978 0.00155666 -226.97 34.8614 -4.33598 3.626 -1.88006 1.25767 -3.90391 2.23002 -0.317575 0.312615 -3.3809e-14 -0.312615 0.317575 -2.23002 3.90391 -1.25767 1.88006 -3.626 4.33598 -34.8614 
data/beyonce.wav 99.7795 0.148098 0.80038 0.00198211 -222.354 35.5295 -1.90846 3.42671 -1.74982 2.29072 0.796387 2.05267 0.531386 1.08198 -3.30375e-14 -1.08198 -0.531386 -2.05267 -0.796387 -2.29072 1.74982 -3.42671 1.90846 -35.5295 
data/beyonce.wav 101.902 0.192749 1.01641 0.00119344 -227.869 29.1444 -5.33284 1.66766 -2.47344 0.568659 -2.0137 1.86467 1.67454 1.05898 -3.37969e-14 -1.05898 -1.67454 -1.86467 2.0137 -0.568659 2.47344 -1.66766 5.33284 -29.1444 
data/beyonce.wav 104.025 0.168352 1.06166 0.00155057 -224.623 32.9202 -4.95651 4.48766 -2.03307 0.721033 -1.38874 2.43456 1.37531 -0.407588 -3.29776e-14 0.407588 -1.37531 -2.43456 1.38874 -0.721033 2.03307 -4.48766 4.95651 -32.9202 
data/beyonce.wav 106.148 0.150545 0.86436 0.00240192 -215.41 34.8143 -1.50376 7.61695 0.877086 2.93274 0.81212 3.22501 1.6369 0.533531 -3.09718e-14 -0.533531 -1.6369 -3.22501 -0.81212 -2.93274 -0.877086 -7.61695 1.50376 -34.8143 
data/beyonce.wav 108.271 0.177681 0.889885 0.00129713 -226.145 31.5372 -2.9498 5.30518 -0.998031 0.608379 -2.7902 0.860774 0.488644 0.35528 -3.34664e-14 -0.35528 -0.488644 -0.860774 2.7902 -0.608379 0.998031 -5.30518 2.9498 -31.5372 
data/beyonce.wav 110.394 0.160626 0.755197 0.00196857 -218.04 31.6188 -3.67371 7.67809 1.90877 5.7726 -0.846047 1.78883 -0.566244 0.106046 -3.32038e-14 -0.106046 0.566244 -1.78883 0.846047 -5.7726 -1.90877 -7.67809 3.67371 -31.6188 
data/beyonce.wav 112.517 0.181282 0.802298 0.00169566 -217.853 30.0033 -6.09717 5.22895 -0.0179104 2.08466 -2.07328 2.85781 0.0774924 0.156016 -3.0481e-14 -0.156016 -0.0774924 -2.85781 2.07328 -2.08466 0.0179104 -5.22895 6.09717 -30.0033 
data/beyonce.wav 114.64 0.176507 0.86653 0.00185515 -214.219 31.8862 -6.2007 3.27834 -0.435835 3.13174 -3.02839 3.22439 -0.717211 -1.45292 -3.25045e-14 1.45292 0.717211 -3.22439 3.02839 -3.13174 0.435835 -3.27834 6.2007 -31.8862 
data/beyonce.wav 116.763 0.191125 0.709439 0.00181291 -218.375 28.7206 -1.36382 7.21817 1.76792 2.62836 -2.1346 1.26894 0.213565 -0.486652 -3.32699e-14 0.486652 -0.213565 -1.26894 2.1346 -2.62836 -1.76792 -7.21817 1.36382 -28.7206 
data/beyonce.wav 118.886 0.177037 0.889183 0.0018015 -217.081 31.1712 -5.49264 3.51751 -0.574143 1.32252 -3.57951 2.80494 -0.231389 -0.536859 -3.14789e-14 0.536859 0.231389 -2.80494 3.57951 -1.32252 0.574143 -3.51751 5.49264 -31.1712 
data/beyonce.wav 121.009 0.167802 0.898492 0.00157875 -223.628 30.4092 -6.05473 3.28297 -3.41122 2.31959 -0.718313 2.15363 0.906045 0.335123 -3.44261e-14 -0.335123 -0.906045 -2.15363 0.718313 -2.31959 3.41122 -3.28297 6.05473 -30.4092 
data/beyonce.wav 123.132 0.190939 0.990965 0.00119459 -231.96 27.0476 -4.79796 4.63783 -2.07519 2.18395 -1.71584 1.03681 0.336027 0.250239 -3.60585e-14 -0.250239 -0.336027 -1.03681 1.71584 -2.18395 2.07519 -4.63783 4.79796 -27.0476 
data/beyonce.wav 125.255 0.16422 0.887368 0.00154688 -222.507 33.677 -5.90224 0.531482 -5.98059 -1.14584 -3.93565 1.68826 0.282946 -0.238855 -3.42933e-14 0.238855 -0.282946 -1.68826 3.93565 1.14584 5.98059 -0.531482 5.90224 -33.677 
data/beyonce.wav 127.378 0.187097 0.893957 0.00137284 -223.083 28.3893 -7.48502 1.69404 -3.95575 0.864466 -1.76032 1.15606 0.635631 0.512822 -3.33452e-14 -0.512822 -0.635631 -1.15606 1.76032 -0.864466 3.95575 -1.69404 7.48502 -28.3893 
data/beyonce.wav 129.501 0.151233 0.910314 0.00161121 -229.847 35.4517 -3.22627 5.40065 -2.12741 1.12846 -1.32465 2.24211 0.13884 -0.51098 -3.43032e-14 0.51098 -0.13884 -2.24211 1.32465 -1.12846 2.12741 -5.40065 3.22627 -35.4517 
data/beyonce.wav 131.624 0.173298 0.988669 0.0019034 -216.983 31.6363 -3.01476 4.36368 -4.13232 2.33126 -0.85489 2.25465 1.15403 0.522483 -3.52887e-14 -0.522483 -1.15403 -2.25465 0.85489 -2.33126 4.13232 -4.36368 3.01476 -31.6363 
data/beyonce.wav 133.747 0.183131 0.951794 0.00186886 -216.471 31.4695 -4.7172 4.97748 -0.634285 3.24089 -4.41053 1.80595 0.023905 -1.06779 -3.48981e-14 1.06779 -0.023905 -1.80595 4.41053 -3.24089 0.634285 -4.97748 4.7172 -31.4695 
data/beyonce.wav 135.87 0.180038 0.843369 0.00163587 -219.262 31.06 -3.97246 5.10531 -1.92979 2.49554 -0.814914 2.48282 0.0471142 -0.0602877 -3.33599e-14 0.0602877 -0.0471142 -2.48282 0.814914 -2.49554 1.92979 -5.10531 3.97246 -31.06 
data/beyonce.wav 137.993 0.154039 0.882161 0.00237705 -212.81 36.1283 -3.07142 5.01133 -0.874989 1.85145 0.0624389 3.27421 -0.36969 -0.882138 -3.04537e-14 0.882138 0.36969 -3.27421 -0.0624389 -1.85145 0.874989 -5.01133 3.07142 -36.1283 
data/beyonce.wav 140.116 0.184218 0.892518 0.00214359 -215.927 30.9325 -4.0802 3.83397 -0.999544 2.94523 -0.939145 3.13585 -0.262401 -1.08724 -3.32263e-14 1.08724 0.262401 -3.13585 0.939145 -2.94523 0.999544 -3.83397 4.0802 -30.9325 
data/beyonce.wav 142.239 0.185116 0.877859 0.00198511 -213.846 29.2002 -3.14975 6.83202 0.651452 4.02939 -0.665696 1.85695 -0.394754 0.270604 -3.2167e-14 -0.270604 0.394754 -1.85695 0.665696 -4.02939 -0.651452 -6.83202 3.14975 -29.2002 
data/beyonce.wav 144.362 0.183535 0.890321 0.00171781 -215.426 29.9204 -8.67688 4.8975 2.6507 3.06101 -3.95193 2.34165 0.270442 -1.36849 -3.00204e-14 1.36849 -0.270442 -2.34165 3.95193 -3.06101 -2.6507 -4.8975 8.67688 -29.9204 
data/beyonce.wav 146.485 0.16868 0.841714 0.001986 -214.572 32.9727 -5.6736 5.18453 0.845133 3.12718 -5.4819 1.64574 -1.13819 -1.26778 -3.26553e-14 1.26778 1.13819 -1.64574 5.4819 -3.12718 -0.845133 -5.18453 5.6736 -32.9727 
data/beyonce.wav 148.608 0.229248 0.793564 0.00170443 -218.426 22.3681 -1.54035 7.86043 3.0111 5.58277 -2.08788 1.04475 0.247539 0.328482 -3.55309e-14 -0.328482 -0.247539 -1.04475 2.08788 -5.58277 -3.0111 -7.86043 1.54035 -22.3681 
data/beyonce.wav 150.731 0.167201 0.957953 0.00208894 -216.47 32.9155 -8.91751 7.21181 3.75423 4.49847 -3.94319 3.38875 -0.544843 -1.7819 -2.96719e-14 1.7819 0.544843 -3.38875 3.94319 -4.49847 -3.75423 -7.21181 8.91751 -32.9155 
data/beyonce.wav 152.854 0.160419 0.809507 0.00201593 -219.144 33.977 -4.1953 7.70735 2.64365 4.5453 -4.90983 2.95106 0.641552 -0.600617 -3.36844e-14 0.600617 -0.641552 -2.95106 4.90983 -4.5453 -2.64365 -7.70735 4.1953 -33.977 
data/beyonce.wav 154.977 0.185302 0.978478 0.00177206 -217.79 31.451 -1.02747 5.38407 -2.3349 3.17058 -3.45384 4.57222 -0.179548 -2.53766 -3.8175e-14 2.53766 0.179548 -4.57222 3.45384 -3.17058 2.3349 -5.38407 1.02747 -31.451 
data/beyonce.wav 157.1 0.153141 0.839103 0.00170109 -219.023 35.4973 -2.87899 6.35099 -1.11608 1.83852 -3.9462 2.13632 -2.10068 -0.278808 -3.2437e-14 0.278808 2.10068 -2.13632 3.9462 -1.83852 1.11608 -6.35099 2.87899 -35.4973 
data/beyonce.wav 159.223 0.171995 0.866853 0.0015893 -217.106 32.3653 -3.27651 7.18851 -2.60147 1.82811 -2.98227 2.64638 0.151625 -0.353223 -3.39912e-14 0.353223 -0.151625 -2.64638 2.98227 -1.82811 2.60147 -7.18851 3.27651 -32.3653 
data/beyonce.wav 161.346 0.188645 0.989589 0.00161973 -218.039 31.7463 0.134648 3.32038 -7.31601 -0.113288 -1.99353 3.06159 -1.04077 -1.82881 -3.81328e-14 1.82881 1.04077 -3.06159 1.99353 0.113288 7.31601 -3.32038 -0.134648 -31.7463 
data/beyonce.wav 163.468 0.184428 0.906793 0.00166726 -220.196 32.8693 -1.97456 0.653491 -3.9174 0.870111 -2.64165 3.35623 1.28872 0.296021 -3.57804e-14 -0.296021 -1.28872 -3.35623 2.64165 -0.870111 3.9174 -0.653491 1.97456 -32.8693 
data/beyonce.wav 165.591 0.218101 1.08642 0.00149059 -223.551 25.8957 -3.6273 1.42174 -3.9605 4.00494 -1.74275 3.31793 0.486262 -0.391193 -3.93181e-14 0.391193 -0.486262 -3.31793 1.74275 -4.00494 3.9605 -1.42174 3.6273 -25.8957 
data/beyonce.wav 167.714 0.192246 0.972855 0.00148759 -219.519 29.5376 -6.598 2.13598 -2.0483 2.24208 -1.86419 2.15007 -0.437812 -0.339708 -3.29232e-14 0.339708 0.437812 -2.15007 1.86419 -2.24208 2.0483 -2.13598 6.598 -29.5376 
data/beyonce.wav 169.837 0.165365 0.976356 0.00164835 -222.837 33.107 -7.69073 2.00933 -1.30338 2.96306 -3.78445 3.40889 1.17625 -0.797184 -3.44226e-14 0.797184 -1.17625 -3.40889 3.78445 -2.96306 1.30338 -2.00933 7.69073 -33.107 
data/beyonce.wav 171.96 0.156726 0.869645 0.00166072 -223.27 33.6993 -4.72711 3.59588 -0.515875 4.02997 -1.98431 3.12893 -0.378693 0.253662 -3.3948e-14 -0.253662 0.378693 -3.12893 1.98431 -4.02997 0.515875 -3.59588 4.72711 -33.6993 
data/beyonce.wav 174.083 0.156538 1.00245 0.00145067 -225.407 34.4791 -2.97895 3.11189 -2.22349 1.01363 -1.41736 0.980801 1.17007 1.48453 -3.34632e-14 -1.48453 -1.17007 -0.980801 1.41736 -1.01363 2.22349 -3.11189 2.97895 -34.4791 
data/beyonce.wav 176.206 0.150179 0.756017 0.00184662 -224.763 35.4651 -2.73258 5.65422 -1.96398 1.1557 -1.66162 3.12411 1.76002 -0.065951 -3.40354e-14 0.065951 -1.76002 -3.12411 1.66162 -1.1557 1.96398 -5.65422 2.73258 -35.4651 
data/beyonce.wav 178.329 0.142851 1.09199 0.00183443 -228.313 34.1131 -4.00548 6.07154 -0.919199 2.30747 -1.41499 3.2771 1.02276 0.146402 -3.37532e-14 -0.146402 -1.02276 -3.2771 1.41499 -2.30747 0.919199 -6.07154 4.00548 -34.1131 
data/beyonce.wav 180.452 0.178862 0.942091 0.00141285 -227.75 30.0187 -3.73217 6.17022 0.33854 2.27413 -2.27148 2.23276 1.93769 0.428003 -3.42368e-14 -0.428003 -1.93769 -2.23276 2.27148 -2.27413 -0.33854 -6.17022 3.73217 -30.0187 
data/beyonce.wav 182.575 0.206156 1.00394 0.00106906 -229.819 23.1401 -10.1472 1.44148 -8.47069 -2.86392 -6.24621 0.0534119 0.593496 -0.692668 -3.64791e-14 0.692668 -0.593496 -0.0534119 6.24621 2.86392 8.47069 -1.44148 10.1472 -23.1401 
data/beyonce.wav 184.698 0.175696 0.92206 0.00192441 -213.118 30.2259 -3.81303 6.43655 -0.820053 3.82536 -3.86671 1.93772 -0.999606 -0.645969 -3.4407e-14 0.645969 0.999606 -1.93772 3.86671 -3.82536 0.820053 -6.43655 3.81303 -30.2259 
data/beyonce.wav 186.821 0.183246 0.794798 0.00170021 -216.082 28.8906 -7.06405 5.64342 0.509104 2.70007 -1.37852 3.71262 0.639552 0.0762794 -2.98043e-14 -0.0762794 -0.639552 -3.71262 1.37852 -2.70007 -0.509104 -5.64342 7.06405 -28.8906 
data/beyonce.wav 188.944 0.17594 0.803928 0.00192411 -213.494 31.4038 -6.92925 3.70271 1.26631 4.47536 -1.23827 3.25819 -0.750094 -1.21736 -3.10702e-14 1.21736 0.750094 -3.25819 1.23827 -4.47536 -1.26631 -3.70271 6.92925 -31.4038 
data/beyonce.wav 191.067 0.208695 0.725961 0.00183076 -215.816 25.9044 -0.48808 5.84352 2.1481 2.94777 -1.03178 2.33606 0.826089 0.430374 -3.27196e-14 -0.430374 -0.826089 -2.33606 1.03178 -2.94777 -2.1481 -5.84352 0.48808 -25.9044 
data/beyonce.wav 193.19 0.174524 0.872303 0.00183356 -216.879 31.4892 -5.97165 4.212 -0.0149014 2.9175 -2.17381 2.74807 0.0537051 -0.234896 -3.16142e-14 0.234896 -0.0537051 -2.74807 2.17381 -2.9175 0.0149014 -4.212 5.97165 -31.4892 
data/beyonce.wav 195.313 0.179276 0.912943 0.00206868 -213.001 29.9488 -4.64458 6.78785 -0.657615 0.870589 -3.18345 1.91064 -0.500421 0.500157 -2.96495e-14 -0.500157 0.500421 -1.91064 3.18345 -0.870589 0.657615 -6.78785 4.64458 -29.9488 
data/beyonce.wav 197.436 0.179548 0.841521 0.00170815 -216.127 31.2753 -3.46785 5.31398 0.481085 1.36401 -3.2336 2.52913 -0.205223 -1.07548 -3.17399e-14 1.07548 0.205223 -2.52913 3.2336 -1.36401 -0.481085 -5.31398 3.46785 -31.2753 
data/beyonce.wav 199.559 0.169009 0.746858 0.00208783 -212.081 32.9657 -4.75029 4.61551 1.05338 1.85353 -3.56494 2.12691 -0.392604 -0.321346 -2.99172e-14 0.321346 0.392604 -2.12691 3.56494 -1.85353 -1.05338 -4.61551 4.75029 -32.9657 
data/beyonce.wav 201.682 0.205264 0.848686 0.00170945 -213.606 25.6452 -4.75363 6.37257 1.469 3.89367 -1.96548 0.494271 -0.863453 0.24722 -3.17154e-14 -0.24722 0.863453 -0.494271 1.96548 -3.89367 -1.469 -6.37257 4.75363 -25.6452 
data/beyonce.wav 203.805 0.179596 0.822334 0.00169602 -216.912 30.8907 -4.15289 3.16293 -0.541545 2.27721 -2.7564 2.09047 -0.722718 0.0678447 -3.23484e-14 -0.0678447 0.722718 -2.09047 2.7564 -2.27721 0.541545 -3.16293 4.15289 -30.8907 
data/beyonce.wav 205.928 0.139851 0.981711 0.000969129 -251.251 32.6 1.15104 -2.33215 -3.32552 -1.22033 -4.97317 0.423806 0.200056 -1.04595 -4.26718e-14 1.04595 -0.200056 -0.423806 4.97317 1.22033 3.32552 2.33215 -1.15104 -32.6 
data/beyonce.wav 208.051 0.109915 0.656836 5.59872e-05 -302.215 15.1814 8.02999 5.06974 3.92603 2.78002 2.15848 1.22351 -0.074934 -0.532969 -5.05503e-14 0.532969 0.074934 -1.22351 -2.15848 -2.78002 -3.92603 -5.06974 -8.02999 -15.1814 
data/beyonce.wav 210.174 0.108409 0.610619 5.30865e-05 -303.723 13.8474 7.90676 5.30327 4.11916 3.07304 2.47176 1.38318 -0.0544688 -0.55994 -5.0874e-14 0.55994 0.0544688 -1.38318 -2.47176 -3.07304 -4.11916 -5.30327 -7.90676 -13.8474 
data/beyonce.wav 212.297 0.143458 0.641584 5.3688e-05 -301.823 12.6341 6.50839 5.90535 3.64147 3.79493 2.64342 1.23732 0.35846 -0.636496 -5.12573e-14 0.636496 -0.35846 -1.23732 -2.64342 -3.79493 -3.64147 -5.90535 -6.50839 -12.6341 
data/beyonce.wav 214.42 0.126663 0.782379 6.06005e-05 -297.904 14.4414 2.39059 2.99048 3.79441 3.6358 3.34221 2.02938 0.307459 -0.583875 -4.76387e-14 0.583875 -0.307459 -2.02938 -3.34221 -3.6358 -3.79441 -2.99048 -2.39059 -14.4414 
data/beyonce.wav 216.543 0.713532 0.984585 8.8796e-07 -316.226 0.00173442 0.00226987 0.00160662 0.00189356 0.00129483 0.00137296 0.000826587 0.000725902 0.000283204 -5.20569e-14 -0.000283204 -0.000725902 -0.000826587 -0.00137296 -0.00129483 -0.00189356 -0.00160662 -0.00226987 -0.00173442 
