data/hsm.wav 0 0.799282 0.570892 5.8483e-07 -316.227 -0.00105579 0.000976911 -0.000873331 0.000765509 -0.000662846 0.000555664 -0.000434939 0.00029847 -0.000151479 -5.20566e-14 0.000151479 -0.00029847 0.000434939 -0.000555664 0.000662846 -0.000765509 0.000873331 -0.000976911 0.00105579 
data/hsm.wav 3.80807 0.802698 0.672579 6.0502e-07 -316.227 -0.00110331 0.00102379 -0.00091741 0.000805667 -0.000697402 0.000584342 -0.00045731 0.00031385 -0.00015957 -5.20566e-14 0.00015957 -0.00031385 0.00045731 -0.000584342 0.000697402 -0.000805667 0.00091741 -0.00102379 0.00110331 
data/hsm.wav 7.61615 0.524509 0.980572 6.3282e-05 -306.027 7.95958 1.57333 1.16946 0.60768 0.616228 0.00713494 -0.0886127 0.0818307 -0.471358 -5.07171e-14 0.471358 -0.0818307 0.0886127 -0.00713494 -0.616228 -0.60768 -1.16946 -1.57333 -7.95958 
data/hsm.wav 11.4242 0.176115 1.14222 0.000194192 -287.269 18.6907 3.63623 7.19584 3.75385 4.81872 1.20217 -0.845483 -0.10171 -1.62171 -4.91468e-14 1.62171 0.10171 0.845483 -1.20217 -4.81872 -3.75385 -7.19584 -3.63623 -18.6907 
data/hsm.wav 15.2323 0.255224 1.21939 0.000174253 -289.152 16.6566 -1.26193 2.91397 2.42854 2.33399 -0.927737 -2.03383 0.398729 -1.86432 -4.77347e-14 1.86432 -0.398729 2.03383 0.927737 -2.33399 -2.42854 -2.91397 1.26193 -16.6566 
data/hsm.wav 19.0404 0.139133 1.35519 0.000253926 -287.69 24.7012 8.03571 6.44685 3.71897 1.51786 -0.349048 -1.7601 -0.45703 0.4025 -4.66286e-14 -0.4025 0.45703 1.7601 0.349048 -1.51786 -3.71897 -6.44685 -8.03571 -24.7012 
data/hsm.wav 22.8484 0.28458 1.21091 0.000295896 -278.061 27.7672 0.922229 1.66975 0.00431026 -1.51807 -1.9506 -1.53282 1.21272 -0.333455 -4.31899e-14 0.333455 -1.21272 1.53282 1.9506 1.51807 -0.00431026 -1.66975 -0.922229 -27.7672 
data/hsm.wav 26.6565 0.0915643 1.3971 0.000297587 -279.746 35.3667 13.1992 1.86622 -2.73438 -0.539769 -0.925934 -0.854066 -0.61419 -2.72242 -5.26346e-14 2.72242 0.61419 0.854066 0.925934 0.539769 2.73438 -1.86622 -13.1992 -35.3667 
data/hsm.wav 30.4646 0.140597 1.21691 0.000185062 -287.134 25.0687 4.97596 -0.993334 -2.80069 -2.48791 -3.21222 -0.464947 2.51627 0.119187 -4.9374e-14 -0.119187 -2.51627 0.464947 3.21222 2.48791 2.80069 0.993334 -4.97596 -25.0687 
data/hsm.wav 34.2727 0.154861 1.25007 0.000389322 -270.835 30.4755 -1.28619 -0.817182 -2.03423 -0.164934 -0.834409 -0.787613 -0.522084 -2.08759 -4.35801e-14 2.08759 0.522084 0.787613 0.834409 0.164934 2.03423 0.817182 1.28619 -30.4755 
data/hsm.wav 38.0807 0.163246 1.22934 0.000319823 -274.763 29.015 1.07115 2.43213 1.08463 3.0682 0.326621 -3.40514 -0.778799 -1.82682 -4.61442e-14 1.82682 0.778799 3.40514 -0.326621 -3.0682 -1.08463 -2.43213 -1.07115 -29.015 
data/hsm.wav 41.8888 0.42092 1.09872 0.000248127 -288.382 19.9725 1.62039 2.37523 -0.662084 -2.41253 -1.20947 -0.529116 0.140723 0.802567 -4.36135e-14 -0.802567 -0.140723 0.529116 1.20947 2.41253 0.662084 -2.37523 -1.62039 -19.9725 
data/hsm.wav 45.6969 0.134621 1.07484 0.000280215 -271.338 30.0804 0.793829 5.71188 2.73639 0.924126 -0.518915 -1.10611 1.3685 -0.816696 -4.13646e-14 0.816696 -1.3685 1.10611 0.518915 -0.924126 -2.73639 -5.71188 -0.793829 -30.0804 
data/hsm.wav 49.5049 0.471572 1.18235 0.000102568 -299.292 11.9655 0.164949 3.93927 6.64864 3.57311 -0.844727 -1.85554 -0.397527 -0.80414 -4.73394e-14 0.80414 0.397527 1.85554 0.844727 -3.57311 -6.64864 -3.93927 -0.164949 -11.9655 
data/hsm.wav 53.313 0.106038 1.29198 0.000255484 -274.841 31.8546 2.77839 4.96392 5.9473 0.459096 -2.256 -2.15594 -0.531311 -0.0497664 -3.93884e-14 0.0497664 0.531311 2.15594 2.256 -0.459096 -5.9473 -4.96392 -2.77839 -31.8546 
data/hsm.wav 57.1211 0.119138 1.36229 0.000421557 -260.721 36.6515 -4.95153 -1.37399 -4.50178 -7.17673 -1.7098 0.971114 0.87734 -1.1731 -3.3515e-14 1.1731 -0.87734 -0.971114 1.7098 7.17673 4.50178 1.37399 4.95153 -36.6515 
data/hsm.wav 60.9292 0.246555 1.10776 0.000171768 -291.263 10.7195 -4.03891 5.89826 3.3377 1.06834 -2.03254 -2.64363 -0.15494 -0.858328 -4.44111e-14 0.858328 0.15494 2.64363 2.03254 -1.06834 -3.3377 -5.89826 4.03891 -10.7195 
data/hsm.wav 64.7372 0.322926 1.2973 0.000216051 -287.7 18.4625 -3.17143 -1.36078 -0.625447 -1.03471 -2.38069 -2.11456 0.5183 0.475592 -4.44791e-14 -0.475592 -0.5183 2.11456 2.38069 1.03471 0.625447 1.36078 3.17143 -18.4625 
data/hsm.wav 68.5453 0.158034 1.18554 0.000250292 -279.428 20.9439 -7.92429 -1.71027 1.09227 0.653967 -1.60916 -2.12031 -0.486097 -2.52365 -4.22063e-14 2.52365 0.486097 2.12031 1.60916 -0.653967 -1.09227 1.71027 7.92429 -20.9439 
data/hsm.wav 72.3534 0.157909 1.25447 0.000454519 -262.05 31.0083 -6.35983 1.98155 -1.09688 -1.87083 -1.10541 0.26076 -0.139105 -3.27245 -3.73087e-14 3.27245 0.139105 -0.26076 1.10541 1.87083 1.09688 -1.98155 6.35983 -31.0083 
data/hsm.wav 76.1615 0.181139 1.32223 0.000290381 -271.859 23.389 -8.82941 3.37535 3.76867 -0.568236 -1.59273 -1.37248 -0.142169 -0.28204 -3.42745e-14 0.28204 0.142169 1.37248 1.59273 0.568236 -3.76867 -3.37535 8.82941 -23.389 
data/hsm.wav 79.9695 0.170985 1.33398 0.000402165 -265.588 24.0565 -6.69735 5.84 2.2396 2.53826 -2.83737 -2.0564 -0.284227 -2.14585 -4.06901e-14 2.14585 0.284227 2.0564 2.83737 -2.53826 -2.2396 -5.84 6.69735 -24.0565 
data/hsm.wav 83.7776 0.116763 1.22032 0.000605821 -251.092 40.137 -7.32772 -1.0232 -2.22145 -2.31008 -3.19455 -2.69418 0.519518 -1.95395 -3.5749e-14 1.95395 -0.519518 2.69418 3.19455 2.31008 2.22145 1.0232 7.32772 -40.137 
data/hsm.wav 87.5857 0.137933 1.23267 0.000194665 -297.57 17.9704 2.49227 -7.81222 -11.8248 -10.9247 -6.95159 -3.48488 -2.23748 -1.70874 -5.09081e-14 1.70874 2.23748 3.48488 6.95159 10.9247 11.8248 7.81222 -2.49227 -17.9704 
data/hsm.wav 91.3937 0.14324 1.18971 0.000172421 -292.406 19.4873 2.26253 -0.864986 -3.61672 -6.2011 -3.64674 -0.179372 0.23093 -0.11042 -4.51382e-14 0.11042 -0.23093 0.179372 3.64674 6.2011 3.61672 0.864986 -2.26253 -19.4873 
data/hsm.wav 95.2018 0.167576 1.3581 0.000341274 -267.997 25.0559 -3.7475 5.66018 -2.07491 -3.69775 -2.40861 1.91827 0.452963 -2.97856 -3.89778e-14 2.97856 -0.452963 -1.91827 2.40861 3.69775 2.07491 -5.66018 3.7475 -25.0559 
data/hsm.wav 99.0099 0.15709 1.1866 0.000480344 -266.992 24.2621 -6.99877 7.99396 7.56039 5.29411 0.43694 -0.814007 -0.30825 -0.180536 -3.58588e-14 0.180536 0.30825 0.814007 -0.43694 -5.29411 -7.56039 -7.99396 6.99877 -24.2621 
data/hsm.wav 102.818 0.148559 1.34272 0.000303552 -279.543 25.8262 -1.87561 1.15045 -0.584119 -5.49183 0.829707 2.05522 -3.50563 -3.19676 -3.58361e-14 3.19676 3.50563 -2.05522 -0.829707 5.49183 0.584119 -1.15045 1.87561 -25.8262 
data/hsm.wav 106.626 0.111321 1.33077 0.00065926 -254.045 40.3311 -4.69287 1.61058 2.19916 0.0119697 -0.195493 -1.27719 -2.05824 -1.07526 -3.25174e-14 1.07526 2.05824 1.27719 0.195493 -0.0119697 -2.19916 -1.61058 4.69287 -40.3311 
data/hsm.wav 110.434 0.1305 1.344 0.000661716 -250.364 37.4392 -12.7924 -3.1829 -3.792 -6.24464 -4.74751 -2.08195 -0.18725 -1.89244 -3.03734e-14 1.89244 0.18725 2.08195 4.74751 6.24464 3.792 3.1829 12.7924 -37.4392 
data/hsm.wav 114.242 0.168654 1.34742 0.000368483 -268.404 26.9855 -2.16011 7.76707 4.1182 1.34888 -2.40747 -0.754334 0.380885 -2.51692 -4.03461e-14 2.51692 -0.380885 0.754334 2.40747 -1.34888 -4.1182 -7.76707 2.16011 -26.9855 
data/hsm.wav 118.05 0.217433 1.20776 0.000195906 -282.968 19.7536 0.551365 4.07704 -0.552761 0.563617 0.45683 0.362248 -0.656893 -0.319697 -4.45039e-14 0.319697 0.656893 -0.362248 -0.45683 -0.563617 0.552761 -4.07704 -0.551365 -19.7536 
data/hsm.wav 121.858 0.166144 1.21246 0.000617709 -260.664 29.6535 -6.8264 1.60435 -7.18148 -4.49144 -0.256583 0.18572 1.68016 -1.76392 -3.83564e-14 1.76392 -1.68016 -0.18572 0.256583 4.49144 7.18148 -1.60435 6.8264 -29.6535 
data/hsm.wav 125.666 0.290075 1.21525 0.000569563 -263.501 29.0969 -9.76492 -1.08177 -1.8411 -1.27546 -0.461352 -1.74563 -1.32474 -1.65847 -3.59152e-14 1.65847 1.32474 1.74563 0.461352 1.27546 1.8411 1.08177 9.76492 -29.0969 
data/hsm.wav 129.474 0.116571 1.07582 0.000675776 -252.906 38.3306 -11.0699 -4.52613 -3.8068 -6.35224 -3.02661 -0.185529 -1.68026 -2.46594 -3.00409e-14 2.46594 1.68026 0.185529 3.02661 6.35224 3.8068 4.52613 11.0699 -38.3306 
data/hsm.wav 133.283 0.145518 1.1887 0.000592485 -261.516 29.9836 -11.288 -4.60309 -5.62854 -3.36942 -2.59943 -3.58792 -1.92001 -1.47225 -3.68461e-14 1.47225 1.92001 3.58792 2.59943 3.36942 5.62854 4.60309 11.288 -29.9836 
data/hsm.wav 137.091 0.122135 1.20727 0.000731889 -245.081 41.4094 -6.87735 2.88913 0.357762 0.464854 -1.23838 1.29465 1.33013 -4.18935 -3.54973e-14 4.18935 -1.33013 -1.29465 1.23838 -0.464854 -0.357762 -2.88913 6.87735 -41.4094 
data/hsm.wav 140.899 0.136025 1.1874 0.000491124 -263.505 30.8409 -11.04 -3.07648 -0.84098 -4.14966 -2.52519 1.2004 0.345505 -3.91768 -3.4213e-14 3.91768 -0.345505 -1.2004 2.52519 4.14966 0.84098 3.07648 11.04 -30.8409 
data/hsm.wav 144.707 0.154654 1.13312 0.000363398 -269.782 25.4191 -10.2212 -0.927688 1.06602 0.397744 0.203981 0.031657 1.14007 -0.795479 -3.6528e-14 0.795479 -1.14007 -0.031657 -0.203981 -0.397744 -1.06602 0.927688 10.2212 -25.4191 
data/hsm.wav 148.515 0.13115 1.23908 0.000635446 -252.665 34.7554 -14.6449 -5.42943 -5.20486 -4.31397 -1.17228 -0.0515841 0.28274 -1.38129 -3.12036e-14 1.38129 -0.28274 0.0515841 1.17228 4.31397 5.20486 5.42943 14.6449 -34.7554 
data/hsm.wav 152.323 0.186331 1.26266 0.000328761 -277.59 18.6133 -8.88786 -1.03777 -1.91386 -1.20086 -2.47048 -0.996858 0.212338 -1.46806 -4.15508e-14 1.46806 -0.212338 0.996858 2.47048 1.20086 1.91386 1.03777 8.88786 -18.6133 
data/hsm.wav 156.131 0.17263 1.21203 0.000609956 -258.633 28.5269 -9.04751 3.41594 -4.16706 -2.70122 -0.373437 0.0199644 1.61846 -1.87341 -3.64424e-14 1.87341 -1.61846 -0.0199644 0.373437 2.70122 4.16706 -3.41594 9.04751 -28.5269 
data/hsm.wav 159.939 0.137964 1.27123 0.000596219 -254.547 33.3018 -11.3204 3.33876 4.83762 1.57167 -2.24585 -3.15829 0.108841 -0.468829 -3.1391e-14 0.468829 -0.108841 3.15829 2.24585 -1.57167 -4.83762 -3.33876 11.3204 -33.3018 
data/hsm.wav 163.747 0.123215 1.12728 0.000594655 -252.04 38.6422 -9.98272 -1.47902 0.664435 -1.92721 -3.63493 -1.11512 1.00749 -2.42256 -3.32759e-14 2.42256 -1.00749 1.11512 3.63493 1.92721 -0.664435 1.47902 9.98272 -38.6422 
data/hsm.wav 167.555 0.12206 1.34022 0.000617571 -257.759 34.997 -6.18289 -1.24724 -5.58114 -2.88366 -1.26451 -1.29248 1.61532 -0.834683 -3.85619e-14 0.834683 -1.61532 1.29248 1.26451 2.88366 5.58114 1.24724 6.18289 -34.997 
data/hsm.wav 171.363 0.132504 1.03044 0.00037057 -266.32 31.571 -4.00264 0.888463 1.3209 0.880792 -1.83135 -1.81956 -0.0857201 -2.09029 -4.04804e-14 2.09029 0.0857201 1.81956 1.83135 -0.880792 -1.3209 -0.888463 4.00264 -31.571 
data/hsm.wav 175.171 0.129151 1.21143 0.00078578 -254.09 34.364 -8.00709 4.56231 1.97816 -2.12573 -1.33006 1.71731 1.0375 1.11317 -2.85617e-14 -1.11317 -1.0375 -1.71731 1.33006 2.12573 -1.97816 -4.56231 8.00709 -34.364 
data/hsm.wav 178.979 0.191574 1.10005 0.00052512 -251.459 23.7894 -8.65595 9.44321 -5.51114 0.907741 -1.99226 -1.22814 -0.259703 -0.917404 -3.95349e-14 0.917404 0.259703 1.22814 1.99226 -0.907741 5.51114 -9.44321 8.65595 -23.7894 
data/hsm.wav 182.787 0.149647 1.23754 0.000423514 -263.235 29.8332 -4.76047 6.32709 5.77242 6.27102 0.154871 -4.30294 -1.33007 -1.88712 -4.03172e-14 1.88712 1.33007 4.30294 -0.154871 -6.27102 -5.77242 -6.32709 4.76047 -29.8332 
data/hsm.wav 186.596 0.220033 1.16337 0.00012439 -298.47 12.2831 -0.0207981 -1.44704 -2.83941 -0.708978 0.226228 0.0118715 -0.0496112 0.0339681 -4.908e-14 -0.0339681 0.0496112 -0.0118715 -0.226228 0.708978 2.83941 1.44704 0.0207981 -12.2831 
data/hsm.wav 190.404 0.183716 1.26243 0.000179538 -284.572 21.608 3.44621 4.2731 -3.32109 -3.61192 -1.7502 -0.171644 0.586169 -2.53036 -4.72946e-14 2.53036 -0.586169 0.171644 1.7502 3.61192 3.32109 -4.2731 -3.44621 -21.608 
data/hsm.wav 194.212 0.128581 1.27036 0.00039237 -268.165 30.6986 -3.10889 2.91931 3.92507 1.44398 -1.93113 -1.54284 0.602095 0.0474774 -3.83479e-14 -0.0474774 -0.602095 1.54284 1.93113 -1.44398 -3.92507 -2.91931 3.10889 -30.6986 
data/hsm.wav 198.02 0.202243 1.03155 0.000528357 -266.715 31.933 -5.09609 -0.527649 0.831319 -0.263111 -2.73779 -2.95585 1.71442 1.3479 -3.82365e-14 -1.3479 -1.71442 2.95585 2.73779 0.263111 -0.831319 0.527649 5.09609 -31.933 
data/hsm.wav 201.828 0.166628 1.07716 0.000580487 -260.847 29.9152 -10.3941 -4.25808 -4.67307 -1.81809 -4.1084 -2.14364 0.654729 -1.39405 -3.97456e-14 1.39405 -0.654729 2.14364 4.1084 1.81809 4.67307 4.25808 10.3941 -29.9152 
data/hsm.wav 205.636 0.174787 1.15912 0.000455353 -270.034 29.4672 -8.15378 -6.81833 -3.8175 -2.50586 -3.42255 -2.41665 0.548939 -1.19202 -4.1017e-14 1.19202 -0.548939 2.41665 3.42255 2.50586 3.8175 6.81833 8.15378 -29.4672 
data/hsm.wav 209.444 0.159074 1.32415 0.0003609 -270.386 24.6602 -7.74753 0.362976 -3.07809 -4.1746 -3.56122 -1.77552 0.05249 -2.86325 -3.94592e-14 2.86325 -0.05249 1.77552 3.56122 4.1746 3.07809 -0.362976 7.74753 -24.6602 
data/hsm.wav 213.252 0.129763 1.29204 0.000521785 -253.439 37.2976 -7.92985 -0.305633 -3.0823 -3.15074 -0.451449 0.487714 0.0733302 -2.84311 -3.4138e-14 2.84311 -0.0733302 -0.487714 0.451449 3.15074 3.0823 0.305633 7.92985 -37.2976 
data/hsm.wav 217.06 0.124613 1.0128 0.000597751 -251.661 38.9831 -9.33929 0.750134 1.72064 -2.05716 -2.84459 -2.05457 0.420882 -1.05743 -3.07564e-14 1.05743 -0.420882 2.05457 2.84459 2.05716 -1.72064 -0.750134 9.33929 -38.9831 
data/hsm.wav 220.868 0.14263 1.3204 0.000850861 -243.892 38.6173 -10.2444 5.53385 2.71638 0.84439 -3.03516 -4.62866 -1.16419 -0.723533 -3.04161e-14 0.723533 1.16419 4.62866 3.03516 -0.84439 -2.71638 -5.53385 10.2444 -38.6173 
data/hsm.wav 224.676 0.171275 1.16852 0.000519452 -258.594 30.8941 -6.53203 2.22432 -2.48474 -1.43088 -2.45136 0.652277 0.943125 -2.58337 -3.87435e-14 2.58337 -0.943125 -0.652277 2.45136 1.43088 2.48474 -2.22432 6.53203 -30.8941 
data/hsm.wav 228.484 0.144172 1.30948 0.000588736 -249.507 34.3145 -15.6078 -1.09139 -1.52547 -1.69469 -1.06605 -2.44833 -0.285601 -1.46359 -2.9946e-14 1.46359 0.285601 2.44833 1.06605 1.69469 1.52547 1.09139 15.6078 -34.3145 
data/hsm.wav 232.292 0.145449 1.1812 0.000603611 -262.069 28.9111 -7.63458 0.214537 -4.24661 -3.46136 -2.33629 0.637432 -0.249982 -2.84365 -3.79278e-14 2.84365 0.249982 -0.637432 2.33629 3.46136 4.24661 -0.214537 7.63458 -28.9111 
data/hsm.wav 236.1 0.138574 1.07218 0.000805657 -241.643 39.7847 -9.40519 4.1178 -2.42049 -0.673758 -2.89128 -4.50755 1.37738 0.743654 -3.30143e-14 -0.743654 -1.37738 4.50755 2.89128 0.673758 2.42049 -4.1178 9.40519 -39.7847 
data/hsm.wav 239.909 0.28969 1.32735 0.000417652 -279.383 23.4291 -3.41943 -1.06878 -3.25964 -4.84738 -4.03355 -1.59103 -0.214108 -2.02608 -4.24412e-14 2.02608 0.214108 1.59103 4.03355 4.84738 3.25964 1.06878 3.41943 -23.4291 
data/hsm.wav 243.717 0.12658 1.10321 0.000379591 -265.161 34.8184 -0.357396 1.90763 -2.89407 -6.55751 -4.46647 0.45868 2.57769 -0.422423 -3.76946e-14 0.422423 -2.57769 -0.45868 4.46647 6.55751 2.89407 -1.90763 0.357396 -34.8184 
data/hsm.wav 247.525 0.296244 1.3222 0.000343972 -279.584 21.3188 -8.17564 -1.93263 1.25875 -2.11861 -1.56297 0.0210108 -1.81195 -1.1233 -3.65458e-14 1.1233 1.81195 -0.0210108 1.56297 2.11861 -1.25875 1.93263 8.17564 -21.3188 
data/hsm.wav 251.333 0.285693 1.2462 0.000515012 -270.809 28.9142 -2.16633 -0.836438 -3.81407 -1.57602 -2.23871 -2.78442 -1.52779 -1.64858 -4.34654e-14 1.64858 1.52779 2.78442 2.23871 1.57602 3.81407 0.836438 2.16633 -28.9142 
data/hsm.wav 255.141 0.157055 1.27249 0.000483935 -270.692 23.1341 -7.85656 0.282843 0.398197 2.13725 -2.93472 -3.14231 -1.29939 -1.71992 -4.22397e-14 1.71992 1.29939 3.14231 2.93472 -2.13725 -0.398197 -0.282843 7.85656 -23.1341 
data/hsm.wav 258.949 0.146507 1.21974 0.000553995 -258.079 31.3834 -12.6953 -1.10286 1.15253 -2.72812 -3.8941 -1.53055 -0.991831 -0.096457 -2.97373e-14 0.096457 0.991831 1.53055 3.8941 2.72812 -1.15253 1.10286 12.6953 -31.3834 
data/hsm.wav 262.757 0.309584 1.21791 0.000361458 -278.086 20.5787 -9.77551 -1.09994 -0.313055 -3.52209 -1.88953 -2.04904 -2.26135 -2.04104 -3.6297e-14 2.04104 2.26135 2.04904 1.88953 3.52209 0.313055 1.09994 9.77551 -20.5787 
data/hsm.wav 266.565 0.472185 1.20697 9.91481e-05 -302.171 12.4412 3.11533 -0.872132 -2.0377 -0.21699 -0.75071 -1.60677 -0.548632 0.0613656 -5.1819e-14 -0.0613656 0.548632 1.60677 0.75071 0.21699 2.0377 0.872132 -3.11533 -12.4412 
data/hsm.wav 270.373 0.174381 1.21787 0.000362152 -275.103 26.0727 7.57113 7.48329 0.603984 5.89254 -3.0182 -4.65642 -1.87394 -0.395182 -5.30528e-14 0.395182 1.87394 4.65642 3.0182 -5.89254 -0.603984 -7.48329 -7.57113 -26.0727 
data/hsm.wav 274.181 0.16213 0.874918 0.000399583 -269.562 27.8773 -2.74147 6.51831 4.70199 -0.920043 -3.31906 -0.136153 1.56332 0.584858 -3.58287e-14 -0.584858 -1.56332 0.136153 3.31906 0.920043 -4.70199 -6.51831 2.74147 -27.8773 
data/hsm.wav 277.989 0.145598 1.18256 0.000118234 -288.077 19.5912 1.20724 8.15505 8.33136 -0.989234 -4.06528 -1.21222 -0.924148 -1.61529 -3.99736e-14 1.61529 0.924148 1.21222 4.06528 0.989234 -8.33136 -8.15505 -1.20724 -19.5912 
data/hsm.wav 281.797 0.40201 0.57843 5.35758e-05 -307.533 6.9908 -0.668628 -2.56043 -2.2491 -1.98788 -0.20933 1.17152 0.314696 -0.536555 -4.97137e-14 0.536555 -0.314696 -1.17152 0.20933 1.98788 2.2491 2.56043 0.668628 -6.9908 
