data/iggy.wav 0 0.0322751 0.556509 0.00100733 -281.258 37.2795 15.39 4.00853 2.82534 2.75361 2.03063 2.23007 2.46494 1.60183 -4.88248e-14 -1.60183 -2.46494 -2.23007 -2.03063 -2.75361 -2.82534 -4.00853 -15.39 -37.2795 
data/iggy.wav 2.12295 0.0247154 0.904466 0.0021162 -272.276 45.6029 17.3091 4.3689 3.83418 3.8334 2.6142 1.80438 1.28321 0.682145 -4.76302e-14 -0.682145 -1.28321 -1.80438 -2.6142 -3.8334 -3.83418 -4.3689 -17.3091 -45.6029 
data/iggy.wav 4.24592 0.0840313 1.02678 0.0018221 -244.956 38.4133 5.5265 8.75271 1.24458 2.76634 1.23567 0.537126 0.26663 0.152778 -3.87044e-14 -0.152778 -0.26663 -0.537126 -1.23567 -2.76634 -1.24458 -8.75271 -5.5265 -38.4133 
data/iggy.wav 6.36889 0.0519526 0.944235 0.00133159 -279.606 31.345 8.76894 6.22401 4.28588 3.26839 3.19027 2.22448 1.38054 0.560403 -4.44842e-14 -0.560403 -1.38054 -2.22448 -3.19027 -3.26839 -4.28588 -6.22401 -8.76894 -31.345 
data/iggy.wav 8.49186 0.27006 1.09427 0.0015153 -227.207 17.6113 1.08115 10.843 -1.32162 5.37673 -1.98567 3.8756 -3.03538 -0.75438 -4.00294e-14 0.75438 3.03538 -3.8756 1.98567 -5.37673 1.32162 -10.843 -1.08115 -17.6113 
data/iggy.wav 10.6148 0.172454 1.14085 0.00249741 -213.247 33.4799 -4.31153 5.28393 -3.87583 2.21815 -4.70113 3.82467 0.0841649 0.166372 -3.43717e-14 -0.166372 -0.0841649 -3.82467 4.70113 -2.21815 3.87583 -5.28393 4.31153 -33.4799 
data/iggy.wav 12.7378 0.156767 1.15328 0.00230049 -217.84 35.5196 -6.8003 5.76634 5.92267 4.70432 -3.53968 0.229598 -2.77986 -1.11329 -2.84154e-14 1.11329 2.77986 -0.229598 3.53968 -4.70432 -5.92267 -5.76634 6.8003 -35.5196 
data/iggy.wav 14.8608 0.0696459 0.960021 0.00197699 -247.764 43.2755 4.46189 7.98731 5.39919 2.88195 0.840256 4.19895 -1.39066 -0.475366 -3.37843e-14 0.475366 1.39066 -4.19895 -0.840256 -2.88195 -5.39919 -7.98731 -4.46189 -43.2755 
data/iggy.wav 16.9837 0.20997 0.92038 0.0020016 -217.832 28.605 3.88022 6.65622 1.84123 4.17734 -3.98519 1.96187 -3.37884 -1.80704 -3.75583e-14 1.80704 3.37884 -1.96187 3.98519 -4.17734 -1.84123 -6.65622 -3.88022 -28.605 
data/iggy.wav 19.1067 0.140594 1.03858 0.00239639 -214.939 37.1975 -7.90864 3.69771 1.17481 4.27452 -4.22433 2.82411 -1.91644 -0.996573 -3.06285e-14 0.996573 1.91644 -2.82411 4.22433 -4.27452 -1.17481 -3.69771 7.90864 -37.1975 
data/iggy.wav 21.2297 0.148371 1.05409 0.00212035 -231.28 37.2887 5.42882 1.55667 1.5058 4.48563 -2.94805 4.14898 0.796148 -0.919788 -4.12893e-14 0.919788 -0.796148 -4.14898 2.94805 -4.48563 -1.5058 -1.55667 -5.42882 -37.2887 
data/iggy.wav 23.3526 0.168385 1.1372 0.0021421 -214.998 34.4943 -4.48332 6.44014 0.359934 4.20407 -5.06112 -0.154073 -3.61834 -1.37118 -3.36087e-14 1.37118 3.61834 0.154073 5.06112 -4.20407 -0.359934 -6.44014 4.48332 -34.4943 
data/iggy.wav 25.4756 0.177031 1.12899 0.00218223 -233.28 29.8005 8.25511 10.2561 0.476185 4.18828 -0.152971 3.42243 1.25585 0.915154 -4.1073e-14 -0.915154 -1.25585 -3.42243 0.152971 -4.18828 -0.476185 -10.2561 -8.25511 -29.8005 
data/iggy.wav 27.5986 0.116711 1.10173 0.00150428 -234.591 37.5608 -4.34026 0.961783 1.91885 1.2962 -4.07682 1.30965 -1.40155 -1.55743 -3.33924e-14 1.55743 1.40155 -1.30965 4.07682 -1.2962 -1.91885 -0.961783 4.34026 -37.5608 
data/iggy.wav 29.7215 0.189311 1.00277 0.00281012 -207.492 28.2588 -5.88257 10.3051 1.18625 3.80709 -3.72804 2.04115 -0.0355122 1.21094 -2.94465e-14 -1.21094 0.0355122 -2.04115 3.72804 -3.80709 -1.18625 -10.3051 5.88257 -28.2588 
data/iggy.wav 31.8445 0.201691 0.983749 0.00273487 -213.55 27.8637 0.912841 8.31646 -1.38289 5.22338 -0.92483 1.96921 -0.380686 0.330636 -3.72283e-14 -0.330636 0.380686 -1.96921 0.92483 -5.22338 1.38289 -8.31646 -0.912841 -27.8637 
data/iggy.wav 33.9675 0.123525 0.974986 0.00170545 -228.568 38.8488 -6.98368 5.09957 1.82904 1.89197 -2.50935 1.38983 1.17601 0.354676 -3.00632e-14 -0.354676 -1.17601 -1.38983 2.50935 -1.89197 -1.82904 -5.09957 6.98368 -38.8488 
data/iggy.wav 36.0904 0.187831 1.05017 0.00275837 -205.235 30.8056 -3.4733 9.52805 -0.884671 3.61886 -2.66227 2.10105 -0.418785 -0.241339 -3.201e-14 0.241339 0.418785 -2.10105 2.66227 -3.61886 0.884671 -9.52805 3.4733 -30.8056 
data/iggy.wav 38.2134 0.169397 1.11618 0.00243263 -216.35 29.4157 -8.29656 11.061 2.20593 3.31066 -3.18366 0.607886 -0.682303 -0.737933 -2.93205e-14 0.737933 0.682303 -0.607886 3.18366 -3.31066 -2.20593 -11.061 8.29656 -29.4157 
data/iggy.wav 40.3364 0.173918 0.907483 0.00285198 -222.923 27.3252 -0.277669 11.7382 0.18635 8.56642 -0.0317921 4.60809 0.604119 0.322884 -3.9516e-14 -0.322884 -0.604119 -4.60809 0.0317921 -8.56642 -0.18635 -11.7382 0.277669 -27.3252 
data/iggy.wav 42.4593 0.206979 1.05913 0.00306772 -207.366 24.9168 -6.78589 10.4569 -2.41669 7.01491 -0.246084 1.24771 -1.74306 -0.171884 -3.43659e-14 0.171884 1.74306 -1.24771 0.246084 -7.01491 2.41669 -10.4569 6.78589 -24.9168 
data/iggy.wav 44.5823 0.124174 1.1482 0.00317285 -210.793 44.3032 -13.6058 5.19659 -4.48581 1.61456 -0.889767 3.62969 -0.902954 0.133507 -2.51523e-14 -0.133507 0.902954 -3.62969 0.889767 -1.61456 4.48581 -5.19659 13.6058 -44.3032 
data/iggy.wav 46.7053 0.150978 1.01313 0.00187027 -222.849 36.3481 -5.93206 9.55178 -4.1016 5.31881 -2.47605 1.585 -1.03196 -2.4946 -3.87115e-14 2.4946 1.03196 -1.585 2.47605 -5.31881 4.1016 -9.55178 5.93206 -36.3481 
data/iggy.wav 48.8282 0.225106 1.08635 0.00317203 -205.189 25.4499 -1.12582 10.7552 0.326718 5.84924 0.171862 0.768858 -1.11139 -1.29846 -3.47462e-14 1.29846 1.11139 -0.768858 -0.171862 -5.84924 -0.326718 -10.7552 1.12582 -25.4499 
data/iggy.wav 50.9512 0.153341 1.05917 0.00292427 -214.204 33.4389 -16.0141 8.35173 -3.15843 4.32566 0.488139 4.24412 0.037548 -1.16514 -2.79205e-14 1.16514 -0.037548 -4.24412 -0.488139 -4.32566 3.15843 -8.35173 16.0141 -33.4389 
data/iggy.wav 53.0742 0.123911 1.06678 0.00263124 -217.945 40.0583 -11.2026 3.88347 -5.80626 1.49645 -0.931429 2.33712 -0.330046 -0.91899 -3.07469e-14 0.91899 0.330046 -2.33712 0.931429 -1.49645 5.80626 -3.88347 11.2026 -40.0583 
data/iggy.wav 55.1971 0.182198 1.08068 0.00331953 -197.699 29.7334 -15.6429 6.99034 -3.98586 4.443 -2.73603 1.10552 -2.13161 -1.09705 -2.79707e-14 1.09705 2.13161 -1.10552 2.73603 -4.443 3.98586 -6.99034 15.6429 -29.7334 
data/iggy.wav 57.3201 0.100415 1.00436 0.00198587 -232.07 42.1957 -7.91389 8.34757 2.92367 2.76834 1.05574 2.38517 0.1086 -1.389 -2.8229e-14 1.389 -0.1086 -2.38517 -1.05574 -2.76834 -2.92367 -8.34757 7.91389 -42.1957 
data/iggy.wav 59.4431 0.163457 1.12343 0.00292447 -205.672 33.4575 -8.31623 5.52076 -4.91703 3.76134 -1.32909 1.94725 -1.06565 -0.864213 -3.2514e-14 0.864213 1.06565 -1.94725 1.32909 -3.76134 4.91703 -5.52076 8.31623 -33.4575 
data/iggy.wav 61.566 0.122349 1.03983 0.00367484 -210.524 38.2459 -4.31456 8.61408 1.43201 4.14321 -3.63039 2.25848 1.15366 -1.20572 -3.23894e-14 1.20572 -1.15366 -2.25848 3.63039 -4.14321 -1.43201 -8.61408 4.31456 -38.2459 
data/iggy.wav 63.689 0.138461 1.03405 0.00304252 -219.338 37.7511 -2.9668 6.23246 1.77565 5.02541 -2.5278 3.28195 -0.268568 0.799995 -3.25349e-14 -0.799995 0.268568 -3.28195 2.5278 -5.02541 -1.77565 -6.23246 2.9668 -37.7511 
data/iggy.wav 65.812 0.212703 1.11697 0.00292885 -202.888 25.0963 -0.141032 6.1373 -0.982021 6.36386 -4.23798 -0.0361974 -1.64676 -0.323601 -3.83909e-14 0.323601 1.64676 0.0361974 4.23798 -6.36386 0.982021 -6.1373 0.141032 -25.0963 
data/iggy.wav 67.9349 0.0796367 0.768015 0.0057509 -224.591 43.5487 2.53733 9.4971 3.22235 7.66826 0.51073 3.78086 -0.206778 1.00524 -3.52924e-14 -1.00524 0.206778 -3.78086 -0.51073 -7.66826 -3.22235 -9.4971 -2.53733 -43.5487 
data/iggy.wav 70.0579 0.184964 1.09211 0.0023819 -212.211 28.1744 -7.03098 5.4983 -1.88983 2.85422 -5.62751 2.5564 -1.24804 0.252561 -3.24847e-14 -0.252561 1.24804 -2.5564 5.62751 -2.85422 1.88983 -5.4983 7.03098 -28.1744 
data/iggy.wav 72.1809 0.128147 1.05057 0.00252832 -220.994 38.8616 -5.89756 3.71528 0.90691 4.07446 -3.23756 1.31448 -0.576078 -0.414067 -3.27105e-14 0.414067 0.576078 -1.31448 3.23756 -4.07446 -0.90691 -3.71528 5.89756 -38.8616 
data/iggy.wav 74.3039 0.129736 0.802667 0.00348186 -214.359 38.2059 -2.74151 6.61015 -0.755467 7.46362 -1.58721 1.47428 0.0974295 -0.200285 -3.73672e-14 0.200285 -0.0974295 -1.47428 1.58721 -7.46362 0.755467 -6.61015 2.74151 -38.2059 
data/iggy.wav 76.4268 0.158802 0.95673 0.00282728 -207.086 33.7077 -9.27363 3.74605 -0.160086 6.55783 -5.12967 0.604079 -2.50939 -0.483024 -3.28326e-14 0.483024 2.50939 -0.604079 5.12967 -6.55783 0.160086 -3.74605 9.27363 -33.7077 
data/iggy.wav 78.5498 0.124168 0.716765 0.00397411 -211.221 38.873 -5.31989 7.28973 -0.277037 7.07229 -1.87459 2.44605 -0.551882 -0.476438 -3.42123e-14 0.476438 0.551882 -2.44605 1.87459 -7.07229 0.277037 -7.28973 5.31989 -38.873 
data/iggy.wav 80.6727 0.133375 1.05727 0.00394156 -219.396 36.4058 -4.58402 5.66488 0.0140986 5.10901 -1.51172 3.25427 0.559373 0.729334 -3.33963e-14 -0.729334 -0.559373 -3.25427 1.51172 -5.10901 -0.0140986 -5.66488 4.58402 -36.4058 
data/iggy.wav 82.7957 0.144963 1.17036 0.00232444 -217.318 36.808 -8.54754 2.29525 -4.4042 -0.335556 -4.17505 1.28167 0.810186 1.46231 -3.01833e-14 -1.46231 -0.810186 -1.28167 4.17505 0.335556 4.4042 -2.29525 8.54754 -36.808 
data/iggy.wav 84.9187 0.103675 0.959462 0.0019675 -236.437 40.9066 5.31185 9.58919 -1.42415 2.8539 -2.65385 1.04071 0.597518 1.80481 -3.94987e-14 -1.80481 -0.597518 -1.04071 2.65385 -2.8539 1.42415 -9.58919 -5.31185 -40.9066 
data/iggy.wav 87.0417 0.129937 1.15921 0.00263097 -216.564 38.8733 -4.5401 8.76742 -2.40285 2.72498 -5.46692 2.20374 -1.65463 -1.79669 -3.44539e-14 1.79669 1.65463 -2.20374 5.46692 -2.72498 2.40285 -8.76742 4.5401 -38.8733 
data/iggy.wav 89.1646 0.0709254 1.11746 0.0025565 -244.388 45.3682 7.95834 9.94914 4.02677 3.92164 -1.33394 2.22414 0.453221 1.15116 -3.80611e-14 -1.15116 -0.453221 -2.22414 1.33394 -3.92164 -4.02677 -9.94914 -7.95834 -45.3682 
data/iggy.wav 91.2876 0.103402 0.962411 0.00154619 -242.304 41.3013 -0.688434 5.2172 3.80061 4.86116 2.19532 2.0437 -0.220042 2.01316 -3.27075e-14 -2.01316 0.220042 -2.0437 -2.19532 -4.86116 -3.80061 -5.2172 0.688434 -41.3013 
data/iggy.wav 93.4105 0.151254 0.992372 0.00211236 -228.862 33.6457 0.419918 9.26288 4.92566 8.07653 -3.4013 0.662588 -2.88596 -1.04995 -3.80674e-14 1.04995 2.88596 -0.662588 3.4013 -8.07653 -4.92566 -9.26288 -0.419918 -33.6457 
data/iggy.wav 95.5335 0.116242 1.0909 0.0030353 -223.824 41.5444 -5.50678 7.22414 -3.19481 2.20455 0.855266 5.8211 -1.41281 -0.553807 -3.02798e-14 0.553807 1.41281 -5.8211 -0.855266 -2.20455 3.19481 -7.22414 5.50678 -41.5444 
data/iggy.wav 97.6565 0.147639 1.11169 0.0016812 -225.738 35.0702 -12.7591 7.19024 -3.63384 2.47572 -0.44222 1.68944 -1.40232 -1.32017 -3.04016e-14 1.32017 1.40232 -1.68944 0.44222 -2.47572 3.63384 -7.19024 12.7591 -35.0702 
data/iggy.wav 99.7795 0.152124 1.16209 0.00313048 -211.089 34.4525 -12.4428 5.77963 -1.53959 4.48399 -0.579636 2.31976 -0.741817 0.194745 -2.80369e-14 -0.194745 0.741817 -2.31976 0.579636 -4.48399 1.53959 -5.77963 12.4428 -34.4525 
data/iggy.wav 101.902 0.178474 0.951148 0.000955158 -240.955 28.2422 -4.08636 9.73612 1.38588 6.60193 0.785254 2.22391 -0.290969 -0.00862143 -3.7548e-14 0.00862143 0.290969 -2.22391 -0.785254 -6.60193 -1.38588 -9.73612 4.08636 -28.2422 
data/iggy.wav 104.025 0.171427 1.05188 0.00288028 -204.371 33.4 -4.41796 8.80409 -2.62097 3.42253 -2.39235 1.33322 -0.14194 -0.839282 -3.29654e-14 0.839282 0.14194 -1.33322 2.39235 -3.42253 2.62097 -8.80409 4.41796 -33.4 
data/iggy.wav 106.148 0.135938 1.07077 0.00368349 -209.229 39.6181 -7.66742 7.27006 -1.99429 4.20652 1.55212 3.30233 -0.477266 -0.00810395 -2.85863e-14 0.00810395 0.477266 -3.30233 -1.55212 -4.20652 1.99429 -7.27006 7.66742 -39.6181 
data/iggy.wav 108.271 0.103788 1.09144 0.00246999 -223.603 43.3163 -11.7634 0.948353 -5.46427 2.1019 -2.79024 0.96904 -0.492976 -1.0242 -3.29941e-14 1.0242 0.492976 -0.96904 2.79024 -2.1019 5.46427 -0.948353 11.7634 -43.3163 
data/iggy.wav 110.394 0.18914 0.991524 0.00264891 -204.113 28.8177 -9.90303 3.53652 -5.87717 3.30987 -2.28204 8.43178e-05 -1.78256 -1.07641 -3.32525e-14 1.07641 1.78256 -8.43178e-05 2.28204 -3.30987 5.87717 -3.53652 9.90303 -28.8177 
data/iggy.wav 112.517 0.135544 1.08507 0.00350418 -202.103 40.3283 -14.8314 6.58082 -4.87906 2.55272 -3.05533 2.94 -1.63188 -1.82364 -2.70195e-14 1.82364 1.63188 -2.94 3.05533 -2.55272 4.87906 -6.58082 14.8314 -40.3283 
data/iggy.wav 114.64 0.126461 1.06985 0.00251156 -217.526 39.3953 -8.60451 3.43775 -4.55956 2.26503 -2.30877 0.781629 -1.87884 -1.77186 -3.30095e-14 1.77186 1.87884 -0.781629 2.30877 -2.26503 4.55956 -3.43775 8.60451 -39.3953 
data/iggy.wav 116.763 0.180919 1.07629 0.00380456 -197.506 28.9177 -7.94477 7.03262 -4.62217 4.25816 0.792987 3.32156 -0.646299 -0.247521 -3.04139e-14 0.247521 0.646299 -3.32156 -0.792987 -4.25816 4.62217 -7.03262 7.94477 -28.9177 
data/iggy.wav 118.886 0.157663 0.824698 0.00278038 -211.753 33.0288 -6.94044 9.6694 -5.14101 5.53309 -1.30535 4.70973 0.24023 0.160645 -3.49789e-14 -0.160645 -0.24023 -4.70973 1.30535 -5.53309 5.14101 -9.6694 6.94044 -33.0288 
data/iggy.wav 121.009 0.184865 1.14876 0.00278509 -215.779 31.6114 -6.54462 7.77574 -4.14596 4.70043 -0.33846 4.01871 -0.176762 -1.11915 -3.51319e-14 1.11915 0.176762 -4.01871 0.33846 -4.70043 4.14596 -7.77574 6.54462 -31.6114 
data/iggy.wav 123.132 0.138759 0.802108 0.00441905 -200.582 37.1113 -7.41983 9.21534 -1.46778 5.99771 -2.8549 2.8614 0.328681 -0.443763 -3.18199e-14 0.443763 -0.328681 -2.8614 2.8549 -5.99771 1.46778 -9.21534 7.41983 -37.1113 
data/iggy.wav 125.255 0.125183 1.08088 0.00309083 -227.169 37.0716 -9.3137 4.88998 -2.53023 3.7919 -2.30497 1.17275 0.191702 -1.33449 -3.5023e-14 1.33449 -0.191702 -1.17275 2.30497 -3.7919 2.53023 -4.88998 9.3137 -37.0716 
data/iggy.wav 127.378 0.138745 1.02074 0.0024523 -216.087 36.7654 -8.87159 4.95674 -6.8677 1.6775 -4.36019 1.32092 -1.57151 -0.803042 -3.41235e-14 0.803042 1.57151 -1.32092 4.36019 -1.6775 6.8677 -4.95674 8.87159 -36.7654 
data/iggy.wav 129.501 0.152135 1.04928 0.00337 -205.106 34.634 -13.8769 5.72087 -2.91154 2.5887 -2.9166 0.954487 -0.76712 -0.483009 -2.72476e-14 0.483009 0.76712 -0.954487 2.9166 -2.5887 2.91154 -5.72087 13.8769 -34.634 
data/iggy.wav 131.624 0.169827 1.07898 0.00327159 -204.383 30.6429 -8.40167 11.1935 -5.2158 6.53723 -1.29597 3.46158 -0.0562182 -0.974381 -3.52623e-14 0.974381 0.0562182 -3.46158 1.29597 -6.53723 5.2158 -11.1935 8.40167 -30.6429 
data/iggy.wav 133.747 0.149304 1.013 0.00314888 -210.114 35.4438 -6.14558 5.35101 -5.39922 2.76762 -1.21868 4.63861 0.774053 -0.525659 -3.34438e-14 0.525659 -0.774053 -4.63861 1.21868 -2.76762 5.39922 -5.35101 6.14558 -35.4438 
data/iggy.wav 135.87 0.182803 1.05177 0.00359622 -200.3 29.8729 -6.45982 10.6781 -3.90492 7.96168 -3.37544 1.29364 0.277666 -0.991371 -3.8087e-14 0.991371 -0.277666 -1.29364 3.37544 -7.96168 3.90492 -10.6781 6.45982 -29.8729 
data/iggy.wav 137.993 0.154934 0.821552 0.0044464 -211.432 32.9446 -5.10704 11.465 -0.181204 8.72556 0.270113 2.66188 0.709453 -0.93226 -3.62074e-14 0.93226 -0.709453 -2.66188 -0.270113 -8.72556 0.181204 -11.465 5.10704 -32.9446 
data/iggy.wav 140.116 0.1026 0.923309 0.00183604 -235.565 43.4533 -9.07504 1.81622 1.37463 2.09288 3.91264 3.07663 -0.407501 0.264213 -2.62958e-14 -0.264213 0.407501 -3.07663 -3.91264 -2.09288 -1.37463 -1.81622 9.07504 -43.4533 
data/iggy.wav 142.239 0.0715427 0.976263 0.00144554 -253.286 44.2975 -3.74433 -3.61998 2.55689 3.51265 3.47998 4.63777 1.66028 -0.844128 -3.51339e-14 0.844128 -1.66028 -4.63777 -3.47998 -3.51265 -2.55689 3.61998 3.74433 -44.2975 
data/iggy.wav 144.362 0.16612 1.12877 0.00119348 -243.914 22.1746 -12.8607 6.55939 -1.08773 5.54334 0.00451512 0.817334 0.1025 0.30238 -3.59197e-14 -0.30238 -0.1025 -0.817334 -0.00451512 -5.54334 1.08773 -6.55939 12.8607 -22.1746 
data/iggy.wav 146.485 0.152436 1.10776 0.00246106 -216.284 36.3709 -4.08317 10.5993 2.60082 3.31074 -3.91084 2.57036 -1.45592 -1.39573 -3.04194e-14 1.39573 1.45592 -2.57036 3.91084 -3.31074 -2.60082 -10.5993 4.08317 -36.3709 
data/iggy.wav 148.608 0.0948444 1.02602 0.00266929 -226.15 46.1204 -2.68039 5.13898 2.76662 0.79285 -5.61154 1.62396 1.1082 -1.75496 -3.21915e-14 1.75496 -1.1082 -1.62396 5.61154 -0.79285 -2.76662 -5.13898 2.68039 -46.1204 
data/iggy.wav 150.731 0.118162 0.947205 0.00287313 -230.011 40.9998 6.84081 6.88917 2.86078 3.9431 -2.61063 1.60053 -0.169518 -0.61147 -3.87907e-14 0.61147 0.169518 -1.60053 2.61063 -3.9431 -2.86078 -6.88917 -6.84081 -40.9998 
data/iggy.wav 152.854 0.11511 1.09193 0.00211942 -229.232 41.8502 -0.241212 9.45168 -0.484053 0.221919 -2.22887 2.35229 0.0214216 -0.517737 -3.25573e-14 0.517737 -0.0214216 -2.35229 2.22887 -0.221919 0.484053 -9.45168 0.241212 -41.8502 
data/iggy.wav 154.977 0.127638 0.973468 0.00310364 -222.209 38.6215 -3.08693 15.0536 1.96107 3.2396 -0.0217472 2.85034 2.08427 0.882602 -2.96755e-14 -0.882602 -2.08427 -2.85034 0.0217472 -3.2396 -1.96107 -15.0536 3.08693 -38.6215 
data/iggy.wav 157.1 0.155836 1.00005 0.00299269 -221.544 33.9013 -0.10018 9.87394 0.260008 8.75597 -0.00414852 0.445026 -0.281844 0.132962 -3.97622e-14 -0.132962 0.281844 -0.445026 0.00414852 -8.75597 -0.260008 -9.87394 0.10018 -33.9013 
data/iggy.wav 159.223 0.215137 1.12691 0.00264834 -220.136 23.0224 2.02747 19.4344 0.48475 6.75847 -1.8226 0.761103 -1.14164 -0.449148 -3.91528e-14 0.449148 1.14164 -0.761103 1.8226 -6.75847 -0.48475 -19.4344 -2.02747 -23.0224 
data/iggy.wav 161.346 0.134045 1.07506 0.00291198 -214.144 37.821 -11.118 3.14177 -1.89032 6.44605 0.470204 0.952996 0.408158 -0.270429 -3.24602e-14 0.270429 -0.408158 -0.952996 -0.470204 -6.44605 1.89032 -3.14177 11.118 -37.821 
data/iggy.wav 163.468 0.101672 1.14518 0.00256494 -230.597 42.9605 -1.57231 9.97037 5.66922 4.06022 -0.281834 3.33985 -1.11359 0.398128 -2.87131e-14 -0.398128 1.11359 -3.33985 0.281834 -4.06022 -5.66922 -9.97037 1.57231 -42.9605 
data/iggy.wav 165.591 0.144566 0.909213 0.00212692 -221.257 36.2604 -0.459296 9.08193 -0.232279 4.42324 -0.553094 0.723537 -1.99285 -0.870011 -3.5083e-14 0.870011 1.99285 -0.723537 0.553094 -4.42324 0.232279 -9.08193 0.459296 -36.2604 
data/iggy.wav 167.714 0.14282 0.969633 0.00357626 -203.874 37.2592 -14.5569 4.25713 -4.55958 4.63477 0.946854 2.91529 -0.518886 -0.3542 -2.77445e-14 0.3542 0.518886 -2.91529 -0.946854 -4.63477 4.55958 -4.25713 14.5569 -37.2592 
data/iggy.wav 169.837 0.111132 1.10859 0.00235019 -223.568 42.8293 -10.9619 0.502707 -7.21375 -0.714096 -2.59408 0.614142 -0.429997 -0.068557 -3.11503e-14 0.068557 0.429997 -0.614142 2.59408 0.714096 7.21375 -0.502707 10.9619 -42.8293 
data/iggy.wav 171.96 0.126919 1.06088 0.00234443 -220.112 40.2076 -12.1055 3.89525 -4.90262 2.19726 -2.55933 0.50504 -1.10741 -0.703465 -3.13181e-14 0.703465 1.10741 -0.50504 2.55933 -2.19726 4.90262 -3.89525 12.1055 -40.2076 
data/iggy.wav 174.083 0.140968 1.06245 0.0035986 -204.444 38.999 -12.5661 5.46201 -2.44085 2.9688 -1.42908 1.19266 -1.24009 -1.42817 -2.71231e-14 1.42817 1.24009 -1.19266 1.42908 -2.9688 2.44085 -5.46201 12.5661 -38.999 
data/iggy.wav 176.206 0.12171 0.979498 0.00276765 -212.293 43.4987 -11.2058 5.68328 -3.06838 2.09646 -3.69018 1.44249 -1.72125 -1.94907 -2.92554e-14 1.94907 1.72125 -1.44249 3.69018 -2.09646 3.06838 -5.68328 11.2058 -43.4987 
data/iggy.wav 178.329 0.094047 0.859964 0.00356771 -224.026 43.1479 -4.61065 9.27085 1.35562 4.6931 0.771494 3.16896 -0.590084 -0.512838 -3.06339e-14 0.512838 0.590084 -3.16896 -0.771494 -4.6931 -1.35562 -9.27085 4.61065 -43.1479 
data/iggy.wav 180.452 0.13263 1.056 0.00349729 -213.61 38.1064 -6.85356 9.22756 1.16484 5.83738 -0.308123 1.31109 -0.332724 -0.240254 -3.06418e-14 0.240254 0.332724 -1.31109 0.308123 -5.83738 -1.16484 -9.22756 6.85356 -38.1064 
data/iggy.wav 182.575 0.159635 0.781222 0.00392104 -219.598 34.2305 -3.92899 7.68393 -2.11291 6.17573 1.17312 1.67141 0.584493 0.0758223 -3.62882e-14 -0.0758223 -0.584493 -1.67141 -1.17312 -6.17573 2.11291 -7.68393 3.92899 -34.2305 
data/iggy.wav 184.698 0.149212 0.978511 0.00344171 -203.077 35.6408 -8.32612 6.39145 -3.62109 3.42309 -1.79113 2.35441 -1.15709 -0.473261 -3.00669e-14 0.473261 1.15709 -2.35441 1.79113 -3.42309 3.62109 -6.39145 8.32612 -35.6408 
data/iggy.wav 186.821 0.130447 1.07494 0.00336379 -210.7 38.8119 -7.82483 3.94193 -4.52345 2.90611 -0.730441 3.02383 -0.631887 -3.12397 -3.33602e-14 3.12397 0.631887 -3.02383 0.730441 -2.90611 4.52345 -3.94193 7.82483 -38.8119 
data/iggy.wav 188.944 0.0894373 0.980704 0.00318902 -230.33 47.6575 -3.00646 3.57482 2.91422 3.44973 1.24518 0.593779 -0.390391 -0.204979 -3.05504e-14 0.204979 0.390391 -0.593779 -1.24518 -3.44973 -2.91422 -3.57482 3.00646 -47.6575 
data/iggy.wav 191.067 0.139559 1.09056 0.00288304 -216.886 39.3873 -9.39041 -0.201201 1.04743 2.0075 -2.96001 0.383891 -1.46222 -0.239434 -2.77642e-14 0.239434 1.46222 -0.383891 2.96001 -2.0075 -1.04743 0.201201 9.39041 -39.3873 
data/iggy.wav 193.19 0.0885791 1.13235 0.002895 -228.062 49.6161 -9.10826 5.20522 4.16153 3.22007 1.71918 0.0129014 0.251627 -0.0690455 -2.53261e-14 0.0690455 -0.251627 -0.0129014 -1.71918 -3.22007 -4.16153 -5.20522 9.10826 -49.6161 
data/iggy.wav 195.313 0.0880633 1.02463 0.00222881 -236.569 47.4125 -9.61158 2.37221 7.80014 3.02526 -2.59505 -1.50424 0.08394 -0.471934 -2.67217e-14 0.471934 -0.08394 1.50424 2.59505 -3.02526 -7.80014 -2.37221 9.61158 -47.4125 
data/iggy.wav 197.436 0.208145 1.01386 0.0028662 -197.184 25.6332 -9.21952 8.99106 -5.49999 4.92906 -0.867679 1.86316 0.390368 -1.69696 -3.40683e-14 1.69696 -0.390368 -1.86316 0.867679 -4.92906 5.49999 -8.99106 9.21952 -25.6332 
data/iggy.wav 199.559 0.134504 1.00748 0.00352084 -215.274 38.0701 -4.1351 12.8688 -3.39297 0.830306 -1.43094 -0.409401 2.42752 -1.91793 -3.38033e-14 1.91793 -2.42752 0.409401 1.43094 -0.830306 3.39297 -12.8688 4.1351 -38.0701 
data/iggy.wav 201.682 0.110638 1.0541 0.0027996 -221.403 44.5937 -10.5865 -3.68438 1.37622 3.73446 -0.345487 1.04306 1.59168 0.274879 -2.91237e-14 -0.274879 -1.59168 -1.04306 0.345487 -3.73446 -1.37622 3.68438 10.5865 -44.5937 
data/iggy.wav 203.805 0.128354 1.01708 0.00220192 -223.771 41.0406 -7.98528 -1.14993 1.66204 3.85003 0.957463 1.99895 0.518992 -0.287745 -2.99325e-14 0.287745 -0.518992 -1.99895 -0.957463 -3.85003 -1.66204 1.14993 7.98528 -41.0406 
data/iggy.wav 205.928 0.0700166 1.06372 0.00224753 -238.303 54.3833 -5.31288 -3.16398 2.03071 1.63982 1.37101 0.570359 0.767573 1.00897 -2.90362e-14 -1.00897 -0.767573 -0.570359 -1.37101 -1.63982 -2.03071 3.16398 5.31288 -54.3833 
data/iggy.wav 208.051 0.172803 1.06152 0.00251514 -209.884 32.9954 -7.67668 6.97266 -3.47591 3.74153 -1.73829 1.67438 0.142499 -0.642925 -3.30052e-14 0.642925 -0.142499 -1.67438 1.73829 -3.74153 3.47591 -6.97266 7.67668 -32.9954 
data/iggy.wav 210.174 0.344925 1.14081 0.00172581 -242.015 21.6098 -2.81747 9.48078 -2.51735 1.19347 -1.77531 0.639558 2.05708 -0.59134 -3.97856e-14 0.59134 -2.05708 -0.639558 1.77531 -1.19347 2.51735 -9.48078 2.81747 -21.6098 
data/iggy.wav 212.297 0.776744 0.659938 3.60893e-07 -316.227 -0.000414274 0.000374256 -0.000323213 0.000273185 -0.000231274 0.000192995 -0.000152298 0.000105385 -5.37852e-05 -5.2057e-14 5.37852e-05 -0.000105385 0.000152298 -0.000192995 0.000231274 -0.000273185 0.000323213 -0.000374256 0.000414274 
data/iggy.wav 214.42 0.772563 0.645766 3.52697e-07 -316.227 -0.000400335 0.000359428 -0.000308805 0.000259628 -0.000219338 0.000184602 -0.000146895 0.000102551 -5.26091e-05 -5.2057e-14 5.26091e-05 -0.000102551 0.000146895 -0.000184602 0.000219338 -0.000259628 0.000308805 -0.000359428 0.000400335 
data/iggy.wav 216.543 0.706898 0.753545 2.68215e-07 -316.228 -0.000311926 0.000281358 -0.000242694 0.00020495 -0.000173901 0.000145611 -0.000115549 8.02347e-05 -4.14546e-05 -5.2057e-14 4.14546e-05 -8.02347e-05 0.000115549 -0.000145611 0.000173901 -0.00020495 0.000242694 -0.000281358 0.000311926 
