data/sza.wav 0 0.0443152 0.632869 0.00054918 -283.491 33.6344 14.0964 5.55882 3.4384 2.7583 2.11586 2.03532 2.19672 1.23322 -4.84106e-14 -1.23322 -2.19672 -2.03532 -2.11586 -2.7583 -3.4384 -5.55882 -14.0964 -33.6344 
data/sza.wav 3.80807 0.091594 0.687736 0.00064636 -274.299 31.8957 9.71805 7.44387 4.79627 4.22727 0.89317 0.769014 0.738457 1.59122 -4.48519e-14 -1.59122 -0.738457 -0.769014 -0.89317 -4.22727 -4.79627 -7.44387 -9.71805 -31.8957 
data/sza.wav 7.61615 0.142674 0.815157 0.00078878 -258.956 31.3102 5.61357 7.21921 -2.04043 3.39195 -0.0155741 2.57737 0.0522152 -0.0375499 -4.54532e-14 0.0375499 -0.0522152 -2.57737 0.0155741 -3.39195 2.04043 -7.21921 -5.61357 -31.3102 
data/sza.wav 11.4242 0.138675 0.941813 0.000543908 -261.091 29.9531 0.96744 4.56569 0.620136 3.5141 -0.834646 1.93915 1.70706 0.544286 -4.28393e-14 -0.544286 -1.70706 -1.93915 0.834646 -3.5141 -0.620136 -4.56569 -0.96744 -29.9531 
data/sza.wav 15.2323 0.124047 0.860643 0.000544829 -265.971 31.4829 5.83903 6.22769 1.76108 3.04274 -0.615857 1.26071 1.02432 0.37839 -4.43348e-14 -0.37839 -1.02432 -1.26071 0.615857 -3.04274 -1.76108 -6.22769 -5.83903 -31.4829 
data/sza.wav 19.0404 0.151628 0.728152 0.000528349 -265.614 29.5368 7.88363 7.21715 -1.80091 3.84459 1.36013 1.3112 -0.120598 0.239033 -4.77036e-14 -0.239033 0.120598 -1.3112 -1.36013 -3.84459 1.80091 -7.21715 -7.88363 -29.5368 
data/sza.wav 22.8484 0.154964 0.78661 0.000483457 -257.863 31.3628 2.19696 4.42023 -1.60232 3.34667 -2.59656 0.308643 0.101112 0.995439 -4.44302e-14 -0.995439 -0.101112 -0.308643 2.59656 -3.34667 1.60232 -4.42023 -2.19696 -31.3628 
data/sza.wav 26.6565 0.155483 1.04756 0.000501777 -257.155 32.6787 5.97242 1.95736 -3.79189 -0.663222 -0.668805 2.38198 -0.374034 -0.623796 -4.34694e-14 0.623796 0.374034 -2.38198 0.668805 0.663222 3.79189 -1.95736 -5.97242 -32.6787 
data/sza.wav 30.4646 0.163794 1.24 0.000390732 -270.362 26.5062 7.69667 6.58914 0.69944 2.68082 -0.075328 3.76129 1.52068 1.3474 -4.56533e-14 -1.3474 -1.52068 -3.76129 0.075328 -2.68082 -0.69944 -6.58914 -7.69667 -26.5062 
data/sza.wav 34.2727 0.254908 1.03017 0.000253317 -265.739 19.8357 8.0309 4.68693 -2.1585 4.24789 -2.1801 2.50164 -0.716995 -0.00507592 -5.12779e-14 0.00507592 0.716995 -2.50164 2.1801 -4.24789 2.1585 -4.68693 -8.0309 -19.8357 
data/sza.wav 38.0807 0.232176 1.11884 0.000558052 -255.197 21.3868 10.0014 5.69792 -3.77986 6.41655 0.644744 1.72217 -0.168969 1.84656 -5.16307e-14 -1.84656 0.168969 -1.72217 -0.644744 -6.41655 3.77986 -5.69792 -10.0014 -21.3868 
data/sza.wav 41.8888 0.177229 0.989118 0.000487334 -268.774 25.3639 7.34266 8.87801 0.534225 4.5501 0.287836 0.431864 -0.201119 1.00461 -4.7259e-14 -1.00461 0.201119 -0.431864 -0.287836 -4.5501 -0.534225 -8.87801 -7.34266 -25.3639 
data/sza.wav 45.6969 0.139826 0.767082 0.000489516 -270.943 28.6852 7.65174 7.39769 1.50623 4.06749 0.624849 0.314785 0.115804 0.31572 -4.6879e-14 -0.31572 -0.115804 -0.314785 -0.624849 -4.06749 -1.50623 -7.39769 -7.65174 -28.6852 
data/sza.wav 49.5049 0.165898 1.06594 0.000511499 -272.213 26.865 9.83544 5.91408 1.7606 4.26877 0.294203 3.61679 2.2085 1.81299 -4.79359e-14 -1.81299 -2.2085 -3.61679 -0.294203 -4.26877 -1.7606 -5.91408 -9.83544 -26.865 
data/sza.wav 53.313 0.145876 0.770857 0.000528491 -262.109 30.8489 5.19208 4.09694 0.766396 2.17629 -0.251767 2.54781 2.48666 1.40239 -4.30123e-14 -1.40239 -2.48666 -2.54781 0.251767 -2.17629 -0.766396 -4.09694 -5.19208 -30.8489 
data/sza.wav 57.1211 0.154245 0.901208 0.000638607 -266.819 27.3431 7.76039 4.09341 4.08651 10.244 1.4793 1.00378 0.89396 1.41556 -5.05269e-14 -1.41556 -0.89396 -1.00378 -1.4793 -10.244 -4.08651 -4.09341 -7.76039 -27.3431 
data/sza.wav 60.9292 0.15695 0.942901 0.00040887 -263.292 28.6256 1.71952 6.9568 3.31347 5.04681 -1.2944 0.243421 0.858171 0.945162 -4.29178e-14 -0.945162 -0.858171 -0.243421 1.2944 -5.04681 -3.31347 -6.9568 -1.71952 -28.6256 
data/sza.wav 64.7372 0.123036 0.806561 0.000579355 -269.851 28.3739 7.80779 7.91178 2.72598 6.20203 0.202187 1.29659 0.806003 0.363093 -4.83769e-14 -0.363093 -0.806003 -1.29659 -0.202187 -6.20203 -2.72598 -7.91178 -7.80779 -28.3739 
data/sza.wav 68.5453 0.162092 0.945975 0.000671958 -268.032 25.1694 10.1328 9.30966 2.28681 6.16409 1.01855 3.31102 1.57941 0.592928 -4.91606e-14 -0.592928 -1.57941 -3.31102 -1.01855 -6.16409 -2.28681 -9.30966 -10.1328 -25.1694 
data/sza.wav 72.3534 0.151316 1.24707 0.000461389 -269.173 29.2914 10.136 7.84945 -0.572814 1.56335 -1.98858 3.3078 2.65933 -0.0617295 -4.87781e-14 0.0617295 -2.65933 -3.3078 1.98858 -1.56335 0.572814 -7.84945 -10.136 -29.2914 
data/sza.wav 76.1615 0.154025 0.868046 0.00065965 -265.82 29.9462 7.73851 7.14922 0.870019 4.74413 0.143385 1.48355 0.442187 1.39995 -4.64237e-14 -1.39995 -0.442187 -1.48355 -0.143385 -4.74413 -0.870019 -7.14922 -7.73851 -29.9462 
data/sza.wav 79.9695 0.124184 0.85174 0.00066478 -261.597 33.3529 4.58865 6.93605 0.234205 1.25741 -1.74548 1.18889 1.01254 0.348693 -4.24225e-14 -0.348693 -1.01254 -1.18889 1.74548 -1.25741 -0.234205 -6.93605 -4.58865 -33.3529 
data/sza.wav 83.7776 0.134849 1.0069 0.000591472 -264.596 32.4875 7.44981 7.48837 1.25657 3.32224 0.163956 1.87766 0.329983 0.0946102 -4.47083e-14 -0.0946102 -0.329983 -1.87766 -0.163956 -3.32224 -1.25657 -7.48837 -7.44981 -32.4875 
data/sza.wav 87.5857 0.140836 1.14482 0.000414087 -276.742 27.6771 9.23855 4.51361 -0.141811 4.83461 1.93218 1.5595 0.16354 0.865949 -4.9984e-14 -0.865949 -0.16354 -1.5595 -1.93218 -4.83461 0.141811 -4.51361 -9.23855 -27.6771 
data/sza.wav 91.3937 0.112848 1.10794 0.000556281 -272.141 31.7048 9.55129 8.02105 4.41905 4.96763 -0.345154 -0.098863 0.388153 0.600676 -4.68474e-14 -0.600676 -0.388153 0.098863 0.345154 -4.96763 -4.41905 -8.02105 -9.55129 -31.7048 
data/sza.wav 95.2018 0.136692 1.00055 0.000361897 -282.654 24.7819 7.9119 3.31918 -1.69621 2.12358 2.77514 3.04485 1.24434 0.89861 -4.87851e-14 -0.89861 -1.24434 -3.04485 -2.77514 -2.12358 1.69621 -3.31918 -7.9119 -24.7819 
