data/whitney.wav 0 0.77598 0.580455 3.66796e-07 -316.227 -0.000432749 0.000389909 -0.000335777 0.000283199 -0.000240043 0.000201249 -0.000159733 0.00011159 -5.73994e-05 -5.2057e-14 5.73994e-05 -0.00011159 0.000159733 -0.000201249 0.000240043 -0.000283199 0.000335777 -0.000389909 0.000432749 
data/whitney.wav 2.12295 0.282233 1.01375 0.000443138 -280.924 25.9502 6.08254 6.9317 6.81463 5.66245 -2.7624 -3.844 -1.81871 -1.73246 -4.89404e-14 1.73246 1.81871 3.844 2.7624 -5.66245 -6.81463 -6.9317 -6.08254 -25.9502 
data/whitney.wav 4.24592 0.143777 0.928703 0.000143324 -294.247 22.6776 10.7784 5.28261 4.17455 4.33956 3.38756 2.82217 0.732501 -0.877639 -5.09707e-14 0.877639 -0.732501 -2.82217 -3.38756 -4.33956 -4.17455 -5.28261 -10.7784 -22.6776 
data/whitney.wav 6.36889 0.272517 0.733053 0.000121112 -302.134 6.73273 -0.897556 5.1479 3.77111 1.95 0.18237 -0.890094 -0.118652 -0.360187 -4.72528e-14 0.360187 0.118652 0.890094 -0.18237 -1.95 -3.77111 -5.1479 0.897556 -6.73273 
data/whitney.wav 8.49186 0.187102 1.04355 0.00020091 -289.439 19.4849 9.32904 12.7739 5.83972 2.42274 -0.47418 -1.75593 -2.17273 -1.11467 -4.7061e-14 1.11467 2.17273 1.75593 0.47418 -2.42274 -5.83972 -12.7739 -9.32904 -19.4849 
data/whitney.wav 10.6148 0.291895 0.654783 5.46291e-06 -315.033 1.59339 1.45045 1.31037 1.12765 0.921128 0.716761 0.520483 0.331321 0.159017 -5.19711e-14 -0.159017 -0.331321 -0.520483 -0.716761 -0.921128 -1.12765 -1.31037 -1.45045 -1.59339 
data/whitney.wav 12.7378 0.154869 0.976673 0.000478894 -280.812 31.2003 10.1511 2.97268 0.166437 0.506299 -0.383804 2.59433 1.61216 -0.676454 -4.8782e-14 0.676454 -1.61216 -2.59433 0.383804 -0.506299 -0.166437 -2.97268 -10.1511 -31.2003 
data/whitney.wav 14.8608 0.08993 0.847481 0.000196702 -299.469 20.0133 14.4587 12.0041 10.4704 7.25483 3.26431 1.18904 0.743252 0.392925 -5.1011e-14 -0.392925 -0.743252 -1.18904 -3.26431 -7.25483 -10.4704 -12.0041 -14.4587 -20.0133 
data/whitney.wav 16.9837 0.143948 0.739052 0.000100354 -303.627 13.6593 8.44562 6.88101 6.25841 4.99632 2.53641 1.31279 1.06374 0.372743 -5.12295e-14 -0.372743 -1.06374 -1.31279 -2.53641 -4.99632 -6.25841 -6.88101 -8.44562 -13.6593 
data/whitney.wav 19.1067 0.137921 1.05529 0.000298761 -281.134 32.8106 14.922 8.19232 3.03634 0.660275 -4.16884 -2.52332 0.606567 -0.0118557 -5.05511e-14 0.0118557 -0.606567 2.52332 4.16884 -0.660275 -3.03634 -8.19232 -14.922 -32.8106 
data/whitney.wav 21.2297 0.136056 0.910761 0.00037403 -280.531 32.3424 13.3959 8.46705 5.0052 1.75503 -4.22501 -2.97413 0.322401 0.164239 -4.91494e-14 -0.164239 -0.322401 2.97413 4.22501 -1.75503 -5.0052 -8.46705 -13.3959 -32.3424 
data/whitney.wav 23.3526 0.177789 1.11429 0.000357788 -278.594 19.6004 1.29722 8.80827 4.35692 1.96333 -2.00737 1.44318 1.53346 -0.331734 -4.32874e-14 0.331734 -1.53346 -1.44318 2.00737 -1.96333 -4.35692 -8.80827 -1.29722 -19.6004 
data/whitney.wav 25.4756 0.106108 1.16122 0.000186965 -298.111 22.5714 16.6572 10.2228 4.88442 1.84819 0.266089 0.10969 0.111337 -0.0415636 -5.21082e-14 0.0415636 -0.111337 -0.10969 -0.266089 -1.84819 -4.88442 -10.2228 -16.6572 -22.5714 
data/whitney.wav 27.5986 0.120584 1.06311 0.000398533 -282.612 29.5279 8.00355 3.17206 3.15807 2.18747 -0.0903569 1.77143 2.33356 1.10613 -4.66488e-14 -1.10613 -2.33356 -1.77143 0.0903569 -2.18747 -3.15807 -3.17206 -8.00355 -29.5279 
data/whitney.wav 29.7215 0.202071 0.793407 4.31632e-05 -309.185 8.70916 6.1391 3.81565 2.31053 1.50747 1.05587 0.769207 0.462865 0.15883 -5.1902e-14 -0.15883 -0.462865 -0.769207 -1.05587 -1.50747 -2.31053 -3.81565 -6.1391 -8.70916 
data/whitney.wav 31.8445 0.184477 1.04806 0.000193329 -291.17 21.3747 4.6121 2.22284 3.16899 1.93722 0.101799 0.848452 0.164938 -0.76639 -4.75377e-14 0.76639 -0.164938 -0.848452 -0.101799 -1.93722 -3.16899 -2.22284 -4.6121 -21.3747 
data/whitney.wav 33.9675 0.137477 0.916029 0.000178697 -293.248 16.928 9.84798 14.1741 6.99121 3.82662 0.868611 -0.431507 0.245057 -0.632387 -4.86435e-14 0.632387 -0.245057 0.431507 -0.868611 -3.82662 -6.99121 -14.1741 -9.84798 -16.928 
data/whitney.wav 36.0904 0.165072 0.8599 9.38486e-05 -301.87 15.1519 6.95306 3.21351 2.14609 1.40567 1.23322 1.22443 0.0653166 -0.925795 -5.08762e-14 0.925795 -0.0653166 -1.22443 -1.23322 -1.40567 -2.14609 -3.21351 -6.95306 -15.1519 
data/whitney.wav 38.2134 0.132165 1.09442 0.000287981 -288.663 28.4156 14.7498 7.98983 4.04293 2.07679 -1.0979 -0.88223 0.44678 -0.20271 -5.12056e-14 0.20271 -0.44678 0.88223 1.0979 -2.07679 -4.04293 -7.98983 -14.7498 -28.4156 
data/whitney.wav 40.3364 0.142832 0.872149 0.000263183 -282.674 31.2053 12.225 6.43417 4.6814 2.85833 -3.5274 -4.36999 -1.75902 -0.678704 -5.03328e-14 0.678704 1.75902 4.36999 3.5274 -2.85833 -4.6814 -6.43417 -12.225 -31.2053 
data/whitney.wav 42.4593 0.108829 0.772753 0.000100317 -300.973 19.935 16.2097 11.7536 7.08349 2.563 -1.12996 -3.00181 -2.94893 -1.70009 -5.26751e-14 1.70009 2.94893 3.00181 1.12996 -2.563 -7.08349 -11.7536 -16.2097 -19.935 
data/whitney.wav 44.5823 0.178443 0.656955 3.33289e-05 -307.61 11.5009 9.81577 7.51677 4.93537 2.46742 0.471521 -0.723003 -1.04895 -0.702141 -5.23377e-14 0.702141 1.04895 0.723003 -0.471521 -2.46742 -4.93537 -7.51677 -9.81577 -11.5009 
data/whitney.wav 46.7053 0.307281 0.612303 3.67428e-06 -315.813 0.539052 0.475953 0.417937 0.356004 0.290656 0.218576 0.152642 0.0943645 0.0448835 -5.20338e-14 -0.0448835 -0.0943645 -0.152642 -0.218576 -0.290656 -0.356004 -0.417937 -0.475953 -0.539052 
data/whitney.wav 48.8282 0.128165 0.897233 0.000380181 -273.141 35.7465 11.525 7.13306 0.953079 -1.50267 -1.91979 0.304491 -0.490117 -2.16086 -4.57257e-14 2.16086 0.490117 -0.304491 1.91979 1.50267 -0.953079 -7.13306 -11.525 -35.7465 
data/whitney.wav 50.9512 0.105109 0.611302 0.00047653 -268.435 42.2182 12.4389 0.960889 -1.30379 -1.95336 -2.98381 1.60514 1.42136 -0.745398 -4.6821e-14 0.745398 -1.42136 -1.60514 2.98381 1.95336 1.30379 -0.960889 -12.4389 -42.2182 
data/whitney.wav 53.0742 0.110822 0.893226 0.00032881 -271.725 37.6707 9.05704 0.690929 -0.20006 -0.136715 -3.20748 0.208521 0.854824 -1.24042 -4.77907e-14 1.24042 -0.854824 -0.208521 3.20748 0.136715 0.20006 -0.690929 -9.05704 -37.6707 
data/whitney.wav 55.1971 0.107364 0.770143 0.000543502 -265.169 39.7137 8.25307 5.07494 -0.0774691 -1.49145 -3.04791 -0.558264 1.78999 -0.198089 -4.36678e-14 0.198089 -1.78999 0.558264 3.04791 1.49145 0.0774691 -5.07494 -8.25307 -39.7137 
data/whitney.wav 57.3201 0.0732644 0.886372 0.000570208 -269.374 40.1294 8.27647 4.0458 4.1052 -0.237221 -2.34659 -0.417574 -1.51629 -3.11473 -4.27221e-14 3.11473 1.51629 0.417574 2.34659 0.237221 -4.1052 -4.0458 -8.27647 -40.1294 
data/whitney.wav 59.4431 0.0665983 0.798904 0.000967785 -262.953 46.1257 8.98001 2.80838 3.07189 -0.315658 -1.13115 -0.335824 -3.20565 -4.55357 -4.18334e-14 4.55357 3.20565 0.335824 1.13115 0.315658 -3.07189 -2.80838 -8.98001 -46.1257 
data/whitney.wav 61.566 0.0747438 0.705702 0.000253722 -276.927 35.683 7.23926 1.02394 3.96472 2.2688 -0.688673 -0.772349 -0.566359 -1.00433 -4.53625e-14 1.00433 0.566359 0.772349 0.688673 -2.2688 -3.96472 -1.02394 -7.23926 -35.683 
data/whitney.wav 63.689 0.098663 0.871257 0.000814715 -257.752 45.0308 5.49644 2.67645 0.668026 -3.55972 -5.18841 1.39942 3.13135 -1.34745 -3.98764e-14 1.34745 -3.13135 -1.39942 5.18841 3.55972 -0.668026 -2.67645 -5.49644 -45.0308 
data/whitney.wav 65.812 0.0793364 0.933881 0.000617907 -266.167 41.6617 6.29452 0.908734 3.22698 0.711404 -1.37385 1.46728 -0.500523 -3.02712 -4.25723e-14 3.02712 0.500523 -1.46728 1.37385 -0.711404 -3.22698 -0.908734 -6.29452 -41.6617 
data/whitney.wav 67.9349 0.0697982 0.274997 0.000756757 -264.844 45.7764 9.98555 4.41472 6.08298 0.346968 -3.946 -2.95137 -2.74421 -3.23002 -4.212e-14 3.23002 2.74421 2.95137 3.946 -0.346968 -6.08298 -4.41472 -9.98555 -45.7764 
data/whitney.wav 70.0579 0.0729575 0.494241 0.00082242 -261.183 46.4958 8.67725 4.67666 4.53142 -0.591814 -3.09462 -2.44843 -2.07901 -1.91296 -3.96581e-14 1.91296 2.07901 2.44843 3.09462 0.591814 -4.53142 -4.67666 -8.67725 -46.4958 
data/whitney.wav 72.1809 0.101399 0.79989 0.0012151 -246.159 45.9252 5.04708 5.37839 2.07801 2.41299 -2.31509 -3.13127 -2.23238 -2.88905 -4.08423e-14 2.88905 2.23238 3.13127 2.31509 -2.41299 -2.07801 -5.37839 -5.04708 -45.9252 
data/whitney.wav 74.3039 0.0941232 0.87793 0.000910864 -262.358 42.0876 12.7728 7.43027 2.77251 3.46377 -2.26797 -3.20305 -1.41944 -2.72533 -4.8823e-14 2.72533 1.41944 3.20305 2.26797 -3.46377 -2.77251 -7.43027 -12.7728 -42.0876 
data/whitney.wav 76.4268 0.0596612 0.806637 0.000409155 -275.538 38.6545 11.621 1.48112 0.748307 2.31145 0.927477 -1.04554 -1.21965 -1.24069 -4.88036e-14 1.24069 1.21965 1.04554 -0.927477 -2.31145 -0.748307 -1.48112 -11.621 -38.6545 
data/whitney.wav 78.5498 0.0780896 1.00784 0.000756436 -261.101 42.5328 4.11503 0.220114 1.17621 0.988767 -1.10551 1.2313 0.659435 -1.64155 -4.19021e-14 1.64155 -0.659435 -1.2313 1.10551 -0.988767 -1.17621 -0.220114 -4.11503 -42.5328 
data/whitney.wav 80.6727 0.112168 0.828126 0.000447157 -264.611 36.3418 3.7058 2.03789 2.8966 1.96604 0.799671 -0.855012 -0.133368 1.4603 -3.93148e-14 -1.4603 0.133368 0.855012 -0.799671 -1.96604 -2.8966 -2.03789 -3.7058 -36.3418 
data/whitney.wav 82.7957 0.0761135 0.734802 0.000566456 -262.103 41.3447 2.55626 4.07974 5.35459 -0.291545 -0.550425 1.11154 1.10095 0.685349 -3.43779e-14 -0.685349 -1.10095 -1.11154 0.550425 0.291545 -5.35459 -4.07974 -2.55626 -41.3447 
data/whitney.wav 84.9187 0.128881 0.989746 0.00077508 -249.27 35.8952 -2.71331 6.97742 1.62214 1.20932 -0.898491 0.600414 -0.349296 -1.90176 -3.57496e-14 1.90176 0.349296 -0.600414 0.898491 -1.20932 -1.62214 -6.97742 2.71331 -35.8952 
data/whitney.wav 87.0417 0.102653 0.804868 0.000315458 -275.793 30.1861 4.6177 9.02245 7.23016 1.7435 0.504599 0.286069 0.197787 -0.951431 -3.97358e-14 0.951431 -0.197787 -0.286069 -0.504599 -1.7435 -7.23016 -9.02245 -4.6177 -30.1861 
data/whitney.wav 89.1646 0.0800041 0.888343 0.000683971 -264.195 40.9694 7.33873 5.36668 6.27299 2.45585 -0.929118 0.316331 0.752878 -0.703973 -4.07591e-14 0.703973 -0.752878 -0.316331 0.929118 -2.45585 -6.27299 -5.36668 -7.33873 -40.9694 
data/whitney.wav 91.2876 0.0786371 0.67836 0.00031422 -282.034 31.878 12.3058 8.23189 3.67869 0.383239 0.705749 -0.631142 -1.55651 -0.910944 -4.5344e-14 0.910944 1.55651 0.631142 -0.705749 -0.383239 -3.67869 -8.23189 -12.3058 -31.878 
data/whitney.wav 93.4105 0.0756659 0.914622 0.000821061 -258.705 43.3242 4.34363 4.26582 3.90907 0.582906 -1.40586 0.202826 1.36833 -0.877703 -3.86077e-14 0.877703 -1.36833 -0.202826 1.40586 -0.582906 -3.90907 -4.26582 -4.34363 -43.3242 
data/whitney.wav 95.5335 0.122984 0.925818 0.000624124 -261.33 32.4491 5.91012 10.0012 2.55509 2.23595 0.450042 0.371556 0.77929 0.791723 -4.0767e-14 -0.791723 -0.77929 -0.371556 -0.450042 -2.23595 -2.55509 -10.0012 -5.91012 -32.4491 
data/whitney.wav 97.6565 0.0952187 0.83375 0.000954332 -252.624 44.5918 -2.34242 2.51452 9.18686 3.93333 -2.80592 -2.73366 -1.36524 -1.4667 -3.40083e-14 1.4667 1.36524 2.73366 2.80592 -3.93333 -9.18686 -2.51452 2.34242 -44.5918 
data/whitney.wav 99.7795 0.118239 0.957558 0.00084968 -252.94 37.1992 -6.84089 8.42691 11.3263 3.07636 -2.01071 -2.77334 -3.15462 -2.48171 -2.85938e-14 2.48171 3.15462 2.77334 2.01071 -3.07636 -11.3263 -8.42691 6.84089 -37.1992 
data/whitney.wav 101.902 0.0745004 0.939139 0.000811787 -260.023 44.6986 6.3337 0.830459 1.4665 0.444765 -2.16329 0.124089 0.557102 -1.14832 -4.21219e-14 1.14832 -0.557102 -0.124089 2.16329 -0.444765 -1.4665 -0.830459 -6.3337 -44.6986 
data/whitney.wav 104.025 0.092226 0.84712 0.000884311 -255.855 41.9533 5.29191 7.82079 2.54437 -0.234769 -2.2398 -1.29219 -0.256176 -1.06197 -3.85884e-14 1.06197 0.256176 1.29219 2.2398 0.234769 -2.54437 -7.82079 -5.29191 -41.9533 
data/whitney.wav 106.148 0.0756934 0.79717 0.000823565 -259.994 44.4474 6.97309 3.80098 3.30191 0.964287 -0.267083 0.813506 0.646649 -1.81828 -4.07225e-14 1.81828 -0.646649 -0.813506 0.267083 -0.964287 -3.30191 -3.80098 -6.97309 -44.4474 
data/whitney.wav 108.271 0.0615849 0.749724 0.000848448 -261.674 45.3625 7.90838 4.03576 4.82357 1.63455 -0.638438 0.218173 1.0931 -0.256479 -4.02542e-14 0.256479 -1.0931 -0.218173 0.638438 -1.63455 -4.82357 -4.03576 -7.90838 -45.3625 
data/whitney.wav 110.394 0.0868721 0.977073 0.000978613 -250.493 46.3724 0.736835 2.47112 2.51911 -1.23675 -4.03636 0.193137 1.96341 -1.29003 -3.61372e-14 1.29003 -1.96341 -0.193137 4.03636 1.23675 -2.51911 -2.47112 -0.736835 -46.3724 
data/whitney.wav 112.517 0.099175 0.834932 0.00106192 -245.226 44.2125 -5.08019 2.24396 7.45453 3.49564 -1.3326 -1.11764 0.417251 -1.92665 -3.24376e-14 1.92665 -0.417251 1.11764 1.3326 -3.49564 -7.45453 -2.24396 5.08019 -44.2125 
data/whitney.wav 114.64 0.0890069 0.863267 0.00115794 -245.046 47.2368 -7.43587 2.52697 12.4144 3.4068 -3.02719 -1.33915 -1.92851 -2.34014 -2.66757e-14 2.34014 1.92851 1.33915 3.02719 -3.4068 -12.4144 -2.52697 7.43587 -47.2368 
data/whitney.wav 116.763 0.0943096 0.741544 0.00191314 -231.751 49.5887 -7.75291 -1.90024 -2.77324 -1.25662 -4.6361 0.538957 0.799491 -2.3132 -3.30837e-14 2.3132 -0.799491 -0.538957 4.6361 1.25662 2.77324 1.90024 7.75291 -49.5887 
data/whitney.wav 118.886 0.0995788 0.46449 0.00192467 -226.676 49.6497 -10.0305 -3.6712 -0.0009984 -0.234397 -4.96986 2.74482 1.11012 -2.60793 -3.01446e-14 2.60793 -1.11012 -2.74482 4.96986 0.234397 0.0009984 3.6712 10.0305 -49.6497 
data/whitney.wav 121.009 0.0961096 1.05656 0.00142781 -237.631 47.9354 -8.42864 -3.08732 -0.0401086 -0.283901 -4.6771 0.74955 1.58817 -2.42423 -3.34444e-14 2.42423 -1.58817 -0.74955 4.6771 0.283901 0.0401086 3.08732 8.42864 -47.9354 
data/whitney.wav 123.132 0.0977622 0.935901 0.00147979 -231.936 48.0463 -11.3805 -0.378339 1.61164 1.9583 -3.01103 -0.226729 2.42014 -3.91098 -3.27407e-14 3.91098 -2.42014 0.226729 3.01103 -1.9583 -1.61164 0.378339 11.3805 -48.0463 
data/whitney.wav 125.255 0.0959284 1.03267 0.00175843 -233.624 48.8296 -7.5098 -2.19734 2.4891 5.41093 -4.16887 -1.15928 1.4121 -7.15122 -4.1135e-14 7.15122 -1.4121 1.15928 4.16887 -5.41093 -2.4891 2.19734 7.5098 -48.8296 
data/whitney.wav 127.378 0.0900946 1.18259 0.00215316 -231.89 53.3414 -7.10033 -5.64056 -2.46071 -3.23754 -4.83329 1.53513 2.87922 -3.40651 -3.29093e-14 3.40651 -2.87922 -1.53513 4.83329 3.23754 2.46071 5.64056 7.10033 -53.3414 
data/whitney.wav 129.501 0.0968252 0.757909 0.00167386 -233.323 50.5484 -7.44 -1.26803 -1.01986 -1.58201 -4.9266 0.230273 4.5502 -3.32807 -3.45988e-14 3.32807 -4.5502 -0.230273 4.9266 1.58201 1.01986 1.26803 7.44 -50.5484 
data/whitney.wav 131.624 0.107776 0.917685 0.0016987 -230.152 46.3751 -8.98649 -2.16982 -1.43986 3.4172 -3.75682 1.38165 2.45039 -4.50895 -3.85637e-14 4.50895 -2.45039 -1.38165 3.75682 -3.4172 1.43986 2.16982 8.98649 -46.3751 
data/whitney.wav 133.747 0.0876832 0.682291 0.00163193 -236.623 48.6874 -2.71656 4.70746 2.59903 5.36991 -2.82574 -2.9705 1.32599 -9.63107 -4.49427e-14 9.63107 -1.32599 2.9705 2.82574 -5.36991 -2.59903 -4.70746 2.71656 -48.6874 
data/whitney.wav 135.87 0.0806341 0.687349 0.00215887 -236.109 51.0854 2.0494 6.70486 4.61567 3.00251 -6.36565 -3.51076 2.11599 -6.26862 -4.23446e-14 6.26862 -2.11599 3.51076 6.36565 -3.00251 -4.61567 -6.70486 -2.0494 -51.0854 
data/whitney.wav 137.993 0.0731419 0.816951 0.00216494 -238.888 53.8792 0.235218 3.03617 4.17536 -0.91291 -6.97263 -3.80072 0.0389321 -3.19417 -3.49218e-14 3.19417 -0.0389321 3.80072 6.97263 0.91291 -4.17536 -3.03617 -0.235218 -53.8792 
data/whitney.wav 140.116 0.103512 1.05096 0.00124092 -237.605 44.6413 -7.71773 5.7009 6.39399 0.88624 -2.24422 -0.793105 -1.04206 -1.74905 -2.66368e-14 1.74905 1.04206 0.793105 2.24422 -0.88624 -6.39399 -5.7009 7.71773 -44.6413 
data/whitney.wav 142.239 0.140094 0.698547 0.00101109 -240.266 35.1146 -4.87106 6.02691 6.91985 2.54439 -0.749743 0.534385 0.0428373 0.421002 -2.89744e-14 -0.421002 -0.0428373 -0.534385 0.749743 -2.54439 -6.91985 -6.02691 4.87106 -35.1146 
data/whitney.wav 144.362 0.116822 0.871185 0.000992381 -238.061 41.0201 -11.5194 4.41327 6.98683 2.08179 -1.14813 0.502803 -0.0911641 -0.769939 -2.49711e-14 0.769939 0.0911641 -0.502803 1.14813 -2.08179 -6.98683 -4.41327 11.5194 -41.0201 
data/whitney.wav 146.485 0.106952 0.914443 0.000932511 -242.849 42.021 -5.89659 2.26243 3.37185 1.45582 -1.36778 -0.354507 -1.08974 -0.256421 -3.05411e-14 0.256421 1.08974 0.354507 1.36778 -1.45582 -3.37185 -2.26243 5.89659 -42.021 
data/whitney.wav 148.608 0.133886 0.893715 0.00102191 -236.687 38.6126 -8.05095 3.34186 6.04465 1.19677 -1.29048 0.813039 1.20869 0.361866 -2.66495e-14 -0.361866 -1.20869 -0.813039 1.29048 -1.19677 -6.04465 -3.34186 8.05095 -38.6126 
data/whitney.wav 150.731 0.0935188 0.832421 0.00073725 -252.027 43.1683 -2.14241 4.18804 5.67631 0.437298 -0.459563 0.0996985 -0.0107132 0.289142 -3.03988e-14 -0.289142 0.0107132 -0.0996985 0.459563 -0.437298 -5.67631 -4.18804 2.14241 -43.1683 
data/whitney.wav 152.854 0.0851201 0.801685 0.000843334 -248.769 45.2366 -4.81289 3.38872 7.45493 -0.503216 -2.07505 0.309435 -0.0162683 -0.506233 -2.71714e-14 0.506233 0.0162683 -0.309435 2.07505 0.503216 -7.45493 -3.38872 4.81289 -45.2366 
data/whitney.wav 154.977 0.093016 0.769081 0.00102242 -243.259 45.082 -3.92756 3.87725 3.63403 -1.14271 -2.50358 0.290772 0.392165 -0.118825 -2.91024e-14 0.118825 -0.392165 -0.290772 2.50358 1.14271 -3.63403 -3.87725 3.92756 -45.082 
data/whitney.wav 157.1 0.124462 0.906126 0.00103723 -234.387 41.2877 -13.7677 4.83639 5.35702 0.571403 -1.4309 -0.19119 -0.378779 0.440977 -2.18984e-14 -0.440977 0.378779 0.19119 1.4309 -0.571403 -5.35702 -4.83639 13.7677 -41.2877 
data/whitney.wav 159.223 0.10475 0.915802 0.00110803 -236.11 44.5329 -12.1659 4.37422 6.66013 0.295213 -1.72729 -0.214905 0.92506 0.21748 -2.24181e-14 -0.21748 -0.92506 0.214905 1.72729 -0.295213 -6.66013 -4.37422 12.1659 -44.5329 
data/whitney.wav 161.346 0.107244 0.871913 0.00110882 -237.025 44.0162 -11.2886 3.56256 5.4897 0.352494 -1.97625 -0.0532238 0.468924 -0.562626 -2.46381e-14 0.562626 -0.468924 0.0532238 1.97625 -0.352494 -5.4897 -3.56256 11.2886 -44.0162 
data/whitney.wav 163.468 0.0977951 0.952464 0.00109996 -239.287 45.5719 -11.4682 3.29899 7.63338 -0.593541 -2.47793 -0.699448 0.367394 0.165122 -2.18468e-14 -0.165122 -0.367394 0.699448 2.47793 0.593541 -7.63338 -3.29899 11.4682 -45.5719 
data/whitney.wav 165.591 0.100687 0.806071 0.00110641 -241.776 44.1721 -5.89378 3.1476 7.5057 1.18586 -1.41214 0.420194 -0.00682223 -0.247571 -2.68471e-14 0.247571 0.00682223 -0.420194 1.41214 -1.18586 -7.5057 -3.1476 5.89378 -44.1721 
data/whitney.wav 167.714 0.088696 0.743003 0.000915886 -246.033 45.8592 -6.9234 1.92345 7.78472 0.697971 -1.33416 0.943632 0.58755 0.127631 -2.60435e-14 -0.127631 -0.58755 -0.943632 1.33416 -0.697971 -7.78472 -1.92345 6.9234 -45.8592 
data/whitney.wav 169.837 0.0815426 0.845819 0.00109865 -244.995 48.1562 -5.43316 -1.75623 5.15582 0.000504029 -2.88614 2.18003 1.04263 -0.822341 -2.95775e-14 0.822341 -1.04263 -2.18003 2.88614 -0.000504029 -5.15582 1.75623 5.43316 -48.1562 
data/whitney.wav 171.96 0.093907 0.841188 0.000886234 -252.456 43.4002 2.33906 2.89437 2.2188 -0.270404 -1.21269 1.31505 1.95659 0.295661 -3.6059e-14 -0.295661 -1.95659 -1.31505 1.21269 0.270404 -2.2188 -2.89437 -2.33906 -43.4002 
data/whitney.wav 174.083 0.126091 0.896506 0.000846134 -252.076 38.4187 2.41938 6.1972 0.949135 3.73086 0.163596 0.986118 0.895305 -1.57586 -4.18716e-14 1.57586 -0.895305 -0.986118 -0.163596 -3.73086 -0.949135 -6.1972 -2.41938 -38.4187 
data/whitney.wav 176.206 0.0873127 1.01133 0.000416039 -271.576 37.8682 6.80055 1.74675 3.23546 2.69138 0.814453 -0.19226 -0.475674 -0.448258 -4.3651e-14 0.448258 0.475674 0.19226 -0.814453 -2.69138 -3.23546 -1.74675 -6.80055 -37.8682 
data/whitney.wav 178.329 0.0854707 1.09943 0.00120935 -247.699 47.6382 0.906039 -3.16283 0.665883 1.34056 -4.61252 1.49414 3.52473 -2.10897 -4.20112e-14 2.10897 -3.52473 -1.49414 4.61252 -1.34056 -0.665883 3.16283 -0.906039 -47.6382 
data/whitney.wav 180.452 0.0791879 1.03955 0.000844348 -260.976 44.9169 6.39979 -0.170134 1.40463 1.60834 -1.25988 0.30149 1.35191 -1.34638 -4.38412e-14 1.34638 -1.35191 -0.30149 1.25988 -1.60834 -1.40463 0.170134 -6.39979 -44.9169 
data/whitney.wav 182.575 0.0983279 1.00053 0.00118965 -248.1 43.5439 -2.17486 3.67476 4.47797 2.23379 -3.1552 -0.520414 1.75896 -2.27538 -3.70135e-14 2.27538 -1.75896 0.520414 3.1552 -2.23379 -4.47797 -3.67476 2.17486 -43.5439 
data/whitney.wav 184.698 0.0908862 1.05901 0.0011942 -241.474 47.9055 -4.01127 -1.37377 -0.454422 -1.32582 -4.57761 1.47833 2.08526 -5.06486 -3.75418e-14 5.06486 -2.08526 -1.47833 4.57761 1.32582 0.454422 1.37377 4.01127 -47.9055 
data/whitney.wav 186.821 0.135379 0.949614 0.00137577 -227.756 40.2333 -11.3131 3.55499 1.71804 4.9453 -2.59123 1.69991 -0.374439 -3.41119 -3.30753e-14 3.41119 0.374439 -1.69991 2.59123 -4.9453 -1.71804 -3.55499 11.3131 -40.2333 
data/whitney.wav 188.944 0.100981 0.931897 0.0014826 -234.583 44.8419 -2.8268 -0.0102869 -1.1281 2.96112 -1.37104 1.62972 2.19898 -0.597702 -3.74377e-14 0.597702 -2.19898 -1.62972 1.37104 -2.96112 1.1281 0.0102869 2.8268 -44.8419 
data/whitney.wav 191.067 0.0870449 0.829061 0.00109841 -246.009 47.3314 -2.24594 1.36999 5.12984 4.14444 -2.72095 -1.0005 1.48342 -3.27256 -3.85996e-14 3.27256 -1.48342 1.0005 2.72095 -4.14444 -5.12984 -1.36999 2.24594 -47.3314 
data/whitney.wav 193.19 0.0974707 0.836927 0.000938906 -246.876 43.3114 0.28556 2.05856 0.0883205 1.18554 -0.799537 0.490235 0.928409 -1.3546 -3.81542e-14 1.3546 -0.928409 -0.490235 0.799537 -1.18554 -0.0883205 -2.05856 -0.28556 -43.3114 
data/whitney.wav 195.313 0.146264 0.922541 0.00119375 -233.891 38.0677 -3.67373 2.58117 -1.79078 2.61015 -1.03361 1.96559 1.5456 -2.51831 -3.83884e-14 2.51831 -1.5456 -1.96559 1.03361 -2.61015 1.79078 -2.58117 3.67373 -38.0677 
data/whitney.wav 197.436 0.0993451 0.895003 0.00137481 -241.792 45.091 0.666598 8.30256 4.51857 3.36622 -2.59806 0.108874 1.61709 -3.56055 -3.8395e-14 3.56055 -1.61709 -0.108874 2.59806 -3.36622 -4.51857 -8.30256 -0.666598 -45.091 
data/whitney.wav 199.559 0.0963241 1.04871 0.00189089 -232.048 48.914 -5.00293 -1.41236 -3.91553 -1.60812 -3.71397 1.30149 0.781867 -5.91518 -3.73345e-14 5.91518 -0.781867 -1.30149 3.71397 1.60812 3.91553 1.41236 5.00293 -48.914 
data/whitney.wav 201.682 0.0603351 0.912842 0.00082449 -262.842 43.7272 8.32161 3.29246 2.35017 1.31408 -1.69806 -0.337317 0.068395 -3.71873 -4.53666e-14 3.71873 -0.068395 0.337317 1.69806 -1.31408 -2.35017 -3.29246 -8.32161 -43.7272 
data/whitney.wav 203.805 0.0443148 0.604056 0.00019725 -291.545 28.3579 15.1965 5.73244 2.30373 1.281 0.499794 0.152213 0.190851 0.164681 -5.12845e-14 -0.164681 -0.190851 -0.152213 -0.499794 -1.281 -2.30373 -5.73244 -15.1965 -28.3579 
data/whitney.wav 205.928 0.0893174 0.72201 0.000522083 -271.124 28.6074 0.822968 6.36529 5.48952 4.81554 1.06818 0.740866 0.0545041 -1.03818 -4.17424e-14 1.03818 -0.0545041 -0.740866 -1.06818 -4.81554 -5.48952 -6.36529 -0.822968 -28.6074 
data/whitney.wav 208.051 0.111329 0.574591 0.00275864 -221.646 48.3891 -8.79814 -2.14337 -4.84403 -3.45494 -7.36385 2.9852 4.7873 -0.422108 -3.15195e-14 0.422108 -4.7873 -2.9852 7.36385 3.45494 4.84403 2.14337 8.79814 -48.3891 
data/whitney.wav 210.174 0.103167 0.745639 0.00244285 -225.343 49.6802 -11.5242 -2.75264 -0.34349 -2.08419 -7.15178 3.64859 3.83722 -0.676989 -2.79579e-14 0.676989 -3.83722 -3.64859 7.15178 2.08419 0.34349 2.75264 11.5242 -49.6802 
data/whitney.wav 212.297 0.09346 0.785963 0.00210392 -226.628 50.1499 -10.6123 -1.84241 -2.39184 -0.88901 -3.30868 2.62897 3.87782 -2.07231 -3.09663e-14 2.07231 -3.87782 -2.62897 3.30868 0.88901 2.39184 1.84241 10.6123 -50.1499 
data/whitney.wav 214.42 0.113873 1.12851 0.00217391 -222.621 45.8205 -9.38921 -1.21409 -0.355457 2.39786 -0.879857 2.60088 2.73311 -0.906519 -3.07496e-14 0.906519 -2.73311 -2.60088 0.879857 -2.39786 0.355457 1.21409 9.38921 -45.8205 
data/whitney.wav 216.543 0.0923402 1.11274 0.00198577 -230.482 50.6186 -8.17371 0.732594 0.842001 -0.81861 -3.25629 -0.951127 -0.631661 -4.0091 -3.01375e-14 4.0091 0.631661 0.951127 3.25629 0.81861 -0.842001 -0.732594 8.17371 -50.6186 
data/whitney.wav 218.666 0.0967307 0.993376 0.00217181 -227.415 49.7685 -10.3681 -1.94953 -6.27894 -0.905306 -0.931661 0.198763 2.57034 -0.87457 -3.2212e-14 0.87457 -2.57034 -0.198763 0.931661 0.905306 6.27894 1.94953 10.3681 -49.7685 
data/whitney.wav 220.789 0.114953 1.04516 0.00154574 -230.367 44.8879 -7.71752 0.71929 -0.223417 1.29379 -1.69158 1.83496 1.71328 -0.772625 -3.14283e-14 0.772625 -1.71328 -1.83496 1.69158 -1.29379 0.223417 -0.71929 7.71752 -44.8879 
data/whitney.wav 222.912 0.107191 0.884557 0.00202821 -223.904 47.9499 -14.2746 0.233535 1.95656 2.87877 -2.57299 -0.0928203 2.66791 -2.3628 -2.9172e-14 2.3628 -2.66791 0.0928203 2.57299 -2.87877 -1.95656 -0.233535 14.2746 -47.9499 
data/whitney.wav 225.035 0.103901 0.767296 0.00221419 -226.784 47.5945 -5.55511 0.116926 -4.11096 -2.7514 -4.22893 1.16822 3.10491 0.433552 -3.15761e-14 -0.433552 -3.10491 -1.16822 4.22893 2.7514 4.11096 -0.116926 5.55511 -47.5945 
data/whitney.wav 227.157 0.0952449 0.844254 0.00212678 -227.869 50.0344 -7.43471 -2.46071 -5.731 -0.765457 -2.03982 2.83864 1.643 0.301744 -3.20431e-14 -0.301744 -1.643 -2.83864 2.03982 0.765457 5.731 2.46071 7.43471 -50.0344 
data/whitney.wav 229.28 0.123392 0.939582 0.00172235 -226.567 43.3159 -8.19581 1.87608 -4.89797 1.80564 -1.97534 1.16929 2.14771 -0.989845 -3.54852e-14 0.989845 -2.14771 -1.16929 1.97534 -1.80564 4.89797 -1.87608 8.19581 -43.3159 
data/whitney.wav 231.403 0.113275 1.05454 0.00210887 -224.227 47.5686 -12.8885 -2.41424 1.72748 0.19473 -2.09364 0.105917 0.82278 -2.28564 -2.6346e-14 2.28564 -0.82278 -0.105917 2.09364 -0.19473 -1.72748 2.41424 12.8885 -47.5686 
data/whitney.wav 233.526 0.100316 1.02505 0.00201917 -229.207 48.2714 -7.46112 1.10196 -5.07793 -2.93428 -2.04289 1.71964 2.7764 -0.18167 -3.04055e-14 0.18167 -2.7764 -1.71964 2.04289 2.93428 5.07793 -1.10196 7.46112 -48.2714 
data/whitney.wav 235.649 0.106664 1.00998 0.00221787 -222.298 47.5307 -8.96795 0.829644 -3.98459 0.0642825 -1.03021 1.53397 1.47196 -0.85906 -3.03829e-14 0.85906 -1.47196 -1.53397 1.03021 -0.0642825 3.98459 -0.829644 8.96795 -47.5307 
data/whitney.wav 237.772 0.132647 1.09009 0.00208882 -222.974 42.0091 -4.34031 4.12967 -3.23962 0.434873 -3.77217 -0.148528 -0.529851 0.259167 -3.287e-14 -0.259167 0.529851 0.148528 3.77217 -0.434873 3.23962 -4.12967 4.34031 -42.0091 
data/whitney.wav 239.895 0.09828 0.499322 0.0024129 -227.696 51.2256 -8.39187 1.72284 -0.708405 -7.21199 -8.45824 -1.63817 1.43923 0.668327 -2.36891e-14 -0.668327 -1.43923 1.63817 8.45824 7.21199 0.708405 -1.72284 8.39187 -51.2256 
data/whitney.wav 242.018 0.126969 1.0898 0.0020079 -223.287 42.8593 -8.1454 2.48144 0.441137 -1.1971 -3.00553 0.340802 0.0742216 -0.604254 -2.68368e-14 0.604254 -0.0742216 -0.340802 3.00553 1.1971 -0.441137 -2.48144 8.1454 -42.8593 
data/whitney.wav 244.141 0.0961808 1.03627 0.00175589 -229.927 49.3746 -11.3617 -0.669222 2.29482 1.48538 -2.45688 0.689859 1.45953 -2.58901 -2.91992e-14 2.58901 -1.45953 -0.689859 2.45688 -1.48538 -2.29482 0.669222 11.3617 -49.3746 
data/whitney.wav 246.264 0.096489 0.900378 0.00209452 -229.312 50.0567 -8.75532 1.86635 -0.0786142 -4.12428 -6.01474 -1.77668 -0.0483043 -0.973578 -2.61243e-14 0.973578 0.0483043 1.77668 6.01474 4.12428 0.0786142 -1.86635 8.75532 -50.0567 
data/whitney.wav 248.387 0.10167 0.877292 0.00225885 -230.151 49.5256 -4.0115 2.73313 1.24719 -4.66159 -6.72996 -2.81661 -1.32699 -1.0795 -2.72043e-14 1.0795 1.32699 2.81661 6.72996 4.66159 -1.24719 -2.73313 4.0115 -49.5256 
data/whitney.wav 250.51 0.103377 1.06685 0.00157039 -233.63 46.9891 -8.24917 -1.9137 -1.4559 0.49941 -2.94221 2.18288 3.28974 -2.37112 -3.44566e-14 2.37112 -3.28974 -2.18288 2.94221 -0.49941 1.4559 1.9137 8.24917 -46.9891 
data/whitney.wav 252.633 0.0872212 0.788675 0.000587992 -259.932 41.7587 1.96018 2.42941 3.08944 0.201524 -1.50504 -0.435919 0.938058 -1.19434 -3.84167e-14 1.19434 -0.938058 0.435919 1.50504 -0.201524 -3.08944 -2.42941 -1.96018 -41.7587 
data/whitney.wav 254.756 0.083892 1.00149 0.000986694 -260.231 45.9488 7.69617 2.56981 2.67816 -0.47389 -4.37261 -1.87374 -1.45303 -4.37224 -4.35942e-14 4.37224 1.45303 1.87374 4.37261 0.47389 -2.67816 -2.56981 -7.69617 -45.9488 
data/whitney.wav 256.879 0.128134 0.884224 0.00018172 -290.269 25.561 9.95388 2.43564 -0.744434 -1.06364 -2.04108 -1.91894 -2.51156 -3.77811 -5.22399e-14 3.77811 2.51156 1.91894 2.04108 1.06364 0.744434 -2.43564 -9.95388 -25.561 
data/whitney.wav 259.002 0.137549 1.0202 0.000536207 -283.51 27.4456 3.93504 0.992126 2.48388 0.363324 -2.51376 -2.36473 -2.61869 -3.96686 -4.72663e-14 3.96686 2.61869 2.36473 2.51376 -0.363324 -2.48388 -0.992126 -3.93504 -27.4456 
data/whitney.wav 261.125 0.0741564 0.875263 0.000546778 -279.037 41.7875 21.5962 5.33385 -2.41164 -2.65923 -2.15828 -2.47978 -3.68333 -3.78695 -5.35021e-14 3.78695 3.68333 2.47978 2.15828 2.65923 2.41164 -5.33385 -21.5962 -41.7875 
data/whitney.wav 263.248 0.100319 0.925404 0.00040269 -282.915 37.642 21.0034 6.33076 -1.61159 -2.59551 -3.1347 -2.91803 -3.52026 -3.07071 -5.37403e-14 3.07071 3.52026 2.91803 3.1347 2.59551 1.61159 -6.33076 -21.0034 -37.642 
data/whitney.wav 265.371 0.0745524 0.76303 0.000587085 -272.747 44.6145 17.3521 0.678628 -2.60981 -0.18467 -1.37843 -2.1175 -3.0549 -2.41868 -5.20718e-14 2.41868 3.0549 2.1175 1.37843 0.18467 2.60981 -0.678628 -17.3521 -44.6145 
data/whitney.wav 267.494 0.0561981 1.03723 0.000905449 -263.931 46.7081 10.632 3.62027 5.8571 2.69459 -3.46029 -3.40342 -0.926627 -2.22802 -4.51121e-14 2.22802 0.926627 3.40342 3.46029 -2.69459 -5.8571 -3.62027 -10.632 -46.7081 
data/whitney.wav 269.617 0.0861647 0.835107 0.00110073 -250.179 44.8626 6.09629 5.07875 0.598873 2.40421 -1.0223 0.159807 0.466353 -2.20408 -4.28001e-14 2.20408 -0.466353 -0.159807 1.0223 -2.40421 -0.598873 -5.07875 -6.09629 -44.8626 
data/whitney.wav 271.74 0.082579 0.701023 0.000671098 -259.676 41.6236 7.08857 2.81134 2.75641 4.32753 -2.31225 0.344009 0.546729 -0.571821 -4.53397e-14 0.571821 -0.546729 -0.344009 2.31225 -4.32753 -2.75641 -2.81134 -7.08857 -41.6236 
data/whitney.wav 273.863 0.0631692 0.9332 0.000966617 -259.53 48.3059 10.5924 1.18551 1.83327 0.818352 -2.12817 0.669404 0.795304 -1.5283 -4.42512e-14 1.5283 -0.795304 -0.669404 2.12817 -0.818352 -1.83327 -1.18551 -10.5924 -48.3059 
data/whitney.wav 275.986 0.0592793 0.744409 0.000847144 -263.036 46.3026 11.2632 2.66964 2.26333 1.4978 -0.858416 0.824147 0.481444 -1.32963 -4.46825e-14 1.32963 -0.481444 -0.824147 0.858416 -1.4978 -2.26333 -2.66964 -11.2632 -46.3026 
data/whitney.wav 278.109 0.073636 0.712656 0.000407709 -272.851 38.7896 9.87481 2.89352 2.30167 0.570317 -0.86186 0.986878 0.879597 -1.4503 -4.56701e-14 1.4503 -0.879597 -0.986878 0.86186 -0.570317 -2.30167 -2.89352 -9.87481 -38.7896 
data/whitney.wav 280.232 0.0708483 0.817854 0.000246787 -284.927 31.8368 12.8998 5.36994 4.48511 2.96039 -0.412106 -1.11094 0.161766 -0.212424 -4.97252e-14 0.212424 -0.161766 1.11094 0.412106 -2.96039 -4.48511 -5.36994 -12.8998 -31.8368 
data/whitney.wav 282.355 0.0826279 0.332824 0.000351092 -285.168 33.8681 19.6778 10.0734 3.5074 1.74051 -2.19257 -4.00883 -2.39623 -2.67012 -5.41876e-14 2.67012 2.39623 4.00883 2.19257 -1.74051 -3.5074 -10.0734 -19.6778 -33.8681 
data/whitney.wav 284.478 0.0497724 0.570069 0.000679872 -273.02 42.375 16.0182 6.75635 4.10626 0.646331 -2.6409 -1.2312 -0.0701968 -1.95797 -4.80784e-14 1.95797 0.0701968 1.2312 2.6409 -0.646331 -4.10626 -6.75635 -16.0182 -42.375 
data/whitney.wav 286.601 0.0568187 0.467666 0.000628675 -271.636 42.907 13.969 5.01054 4.71524 1.70469 -2.43703 -2.25885 -1.60552 -2.49324 -4.73607e-14 2.49324 1.60552 2.25885 2.43703 -1.70469 -4.71524 -5.01054 -13.969 -42.907 
data/whitney.wav 288.724 0.0667459 0.743945 0.000603088 -267.175 44.7814 10.2276 1.26403 2.38719 0.667572 -1.62612 -1.36804 -2.56605 -4.38464 -4.59048e-14 4.38464 2.56605 1.36804 1.62612 -0.667572 -2.38719 -1.26403 -10.2276 -44.7814 
data/whitney.wav 290.847 0.0679174 0.80984 0.000689482 -266.438 45.0368 7.56551 -2.59398 0.761208 -1.38754 -5.08653 -3.49254 -3.64236 -4.76732 -4.57857e-14 4.76732 3.64236 3.49254 5.08653 1.38754 -0.761208 2.59398 -7.56551 -45.0368 
data/whitney.wav 292.969 0.0705624 0.653858 0.000282163 -292.498 25.111 10.0996 1.53331 -1.51427 -3.68071 -4.54028 -3.47539 -2.50178 -1.84025 -5.07078e-14 1.84025 2.50178 3.47539 4.54028 3.68071 1.51427 -1.53331 -10.0996 -25.111 
data/whitney.wav 295.092 0.420768 0.86374 3.24956e-06 -315.616 0.81995 0.711782 0.574847 0.43693 0.307233 0.196494 0.110812 0.053709 0.0197884 -5.20485e-14 -0.0197884 -0.053709 -0.110812 -0.196494 -0.307233 -0.43693 -0.574847 -0.711782 -0.81995 
data/whitney.wav 297.215 0.637295 0.601161 1.75411e-07 -316.228 -0.000199608 0.000179836 -0.000155142 0.000130718 -0.000110461 9.20968e-05 -7.23986e-05 5.00309e-05 -2.54776e-05 -5.20571e-14 2.54776e-05 -5.00309e-05 7.23986e-05 -9.20968e-05 0.000110461 -0.000130718 0.000155142 -0.000179836 0.000199608 
