data/yeet.wav 0 0.801552 0.576813 6.03779e-07 -316.227 -0.00113058 0.00104769 -0.000937981 0.000823351 -0.000712133 0.000597357 -0.000468004 0.000321656 -0.000163874 -5.20566e-14 0.000163874 -0.000321656 0.000468004 -0.000597357 0.000712133 -0.000823351 0.000937981 -0.00104769 0.00113058 
data/yeet.wav 0.835918 0.803489 0.653208 6.11258e-07 -316.227 -0.00114 0.00105847 -0.000949679 0.000835554 -0.000724375 0.000608318 -0.000476605 0.000327766 -0.000166747 -5.20566e-14 0.000166747 -0.000327766 0.000476605 -0.000608318 0.000724375 -0.000835554 0.000949679 -0.00105847 0.00114 
data/yeet.wav 1.67184 0.101818 1.12643 0.000363956 -266.068 38.032 -4.49345 -6.87828 3.74254 2.41741 -3.54487 -2.91131 -1.15789 -1.26688 -4.00958e-14 1.26688 1.15789 2.91131 3.54487 -2.41741 -3.74254 6.87828 4.49345 -38.032 
data/yeet.wav 2.50776 0.119867 1.02874 0.000166675 -278.31 30.4951 2.3002 -2.88364 0.685958 0.546255 -2.68081 -1.16393 -0.0769618 -0.97541 -4.60343e-14 0.97541 0.0769618 1.16393 2.68081 -0.546255 -0.685958 2.88364 -2.3002 -30.4951 
data/yeet.wav 3.34367 0.100337 1.00669 0.000328073 -271.145 35.135 1.71494 0.870127 4.33195 0.630195 -2.28203 -1.02698 -1.70424 -2.61063 -4.08865e-14 2.61063 1.70424 1.02698 2.28203 -0.630195 -4.33195 -0.870127 -1.71494 -35.135 
data/yeet.wav 4.17959 0.160807 0.869727 0.000106293 -291.376 20.4643 3.46137 0.208062 3.47935 4.18079 0.851678 -0.780628 -1.37243 -0.768023 -4.87929e-14 0.768023 1.37243 0.780628 -0.851678 -4.18079 -3.47935 -0.208062 -3.46137 -20.4643 
data/yeet.wav 5.01551 0.13069 0.774435 0.000106244 -288.395 26.6106 7.72165 0.191302 2.31631 3.60944 0.425978 -1.24906 -0.878597 -0.124588 -5.02415e-14 0.124588 0.878597 1.24906 -0.425978 -3.60944 -2.31631 -0.191302 -7.72165 -26.6106 
data/yeet.wav 5.85143 0.127725 0.757664 0.000274615 -279.501 34.0615 10.4268 0.786514 1.67935 1.80896 -2.08686 -1.5488 -2.19737 -1.46519 -4.93995e-14 1.46519 2.19737 1.5488 2.08686 -1.80896 -1.67935 -0.786514 -10.4268 -34.0615 
data/yeet.wav 6.68735 0.117731 0.873161 0.000178974 -284.041 32.0359 10.0328 -0.168301 0.720103 0.90047 -1.38815 -2.50736 -2.12309 -1.23129 -4.98655e-14 1.23129 2.12309 2.50736 1.38815 -0.90047 -0.720103 0.168301 -10.0328 -32.0359 
data/yeet.wav 7.52327 0.115136 0.857087 0.000161019 -283.175 31.4504 7.01035 -2.10508 0.554138 1.88466 -0.717316 -2.12503 -1.43988 -0.246344 -4.8781e-14 0.246344 1.43988 2.12503 0.717316 -1.88466 -0.554138 2.10508 -7.01035 -31.4504 
data/yeet.wav 8.35918 0.129049 0.695654 0.000510536 -288.347 22.9372 11.2239 9.91518 5.23087 4.2947 3.11597 2.38944 0.401576 0.267791 -4.78737e-14 -0.267791 -0.401576 -2.38944 -3.11597 -4.2947 -5.23087 -9.91518 -11.2239 -22.9372 
data/yeet.wav 9.1951 0.145505 0.901405 0.000349761 -276.795 28.3351 6.2107 6.74138 6.50553 6.85429 0.692149 -2.52544 -2.69382 -1.24697 -4.67766e-14 1.24697 2.69382 2.52544 -0.692149 -6.85429 -6.50553 -6.74138 -6.2107 -28.3351 
data/yeet.wav 10.031 0.163207 1.1695 0.000217619 -275.393 25.1215 -3.39793 -4.38343 -2.43148 0.496514 -0.875792 -2.11078 -1.63507 -1.50737 -4.4686e-14 1.50737 1.63507 2.11078 0.875792 -0.496514 2.43148 4.38343 3.39793 -25.1215 
data/yeet.wav 10.8669 0.114754 1.1482 0.000446657 -265.96 35.9641 -0.310597 2.37309 8.70899 4.64776 -3.37592 -3.71125 -1.64397 -1.57342 -4.00142e-14 1.57342 1.64397 3.71125 3.37592 -4.64776 -8.70899 -2.37309 0.310597 -35.9641 
data/yeet.wav 11.7029 0.165179 1.02542 0.000332176 -269.468 29.1035 0.398531 -3.41342 -5.37857 1.66617 0.861168 -1.31891 -1.7858 -0.495211 -4.68216e-14 0.495211 1.7858 1.31891 -0.861168 -1.66617 5.37857 3.41342 -0.398531 -29.1035 
data/yeet.wav 12.5388 0.0867239 1.00262 0.000495778 -271.97 35.9337 3.54964 -6.1848 -2.4793 5.19523 3.85659 0.618065 -1.15266 -1.30926 -4.91045e-14 1.30926 1.15266 -0.618065 -3.85659 -5.19523 2.4793 6.1848 -3.54964 -35.9337 
data/yeet.wav 13.3747 0.122027 1.08109 0.000318917 -269.968 33.9508 1.95776 1.97977 1.37571 -0.654674 -2.44283 -2.83434 -2.20018 -1.65693 -4.12827e-14 1.65693 2.20018 2.83434 2.44283 0.654674 -1.37571 -1.97977 -1.95776 -33.9508 
data/yeet.wav 14.2106 0.130505 1.1903 0.000322262 -269.79 33.177 -1.16525 -5.43452 -3.00904 1.09812 -1.03905 -3.52286 -3.03006 -1.12374 -4.46453e-14 1.12374 3.03006 3.52286 1.03905 -1.09812 3.00904 5.43452 1.16525 -33.177 
data/yeet.wav 15.0465 0.156322 0.990673 0.000446325 -269.38 31.6956 3.89964 -0.934718 -3.32701 2.95687 0.811761 -0.299415 -1.69112 -1.05167 -4.80921e-14 1.05167 1.69112 0.299415 -0.811761 -2.95687 3.32701 0.934718 -3.89964 -31.6956 
data/yeet.wav 15.8824 0.0927594 1.10007 0.000436577 -272.624 35.6608 3.00527 -3.2444 -0.862499 2.092 1.263 -1.78917 -1.48659 0.484545 -4.42047e-14 -0.484545 1.48659 1.78917 -1.263 -2.092 0.862499 3.2444 -3.00527 -35.6608 
data/yeet.wav 16.7184 0.103553 0.94241 0.000455263 -268.955 35.8755 -0.228681 -5.26505 0.190841 4.642 -0.947814 -5.92924 -3.33458 0.0135997 -4.55615e-14 -0.0135997 3.33458 5.92924 0.947814 -4.642 -0.190841 5.26505 0.228681 -35.8755 
data/yeet.wav 17.5543 0.125238 1.06334 0.000227043 -274.119 30.4978 1.12142 -4.50273 -3.39195 1.47201 -1.01845 -2.79251 -1.76811 -0.0141434 -4.71106e-14 0.0141434 1.76811 2.79251 1.01845 -1.47201 3.39195 4.50273 -1.12142 -30.4978 
data/yeet.wav 18.3902 0.124646 0.946373 0.000208201 -277.346 29.4798 0.985643 -5.25634 -3.75043 1.07282 -0.573422 -2.80506 -2.05279 -0.88422 -4.79695e-14 0.88422 2.05279 2.80506 0.573422 -1.07282 3.75043 5.25634 -0.985643 -29.4798 
data/yeet.wav 19.2261 0.124122 0.944338 0.000386096 -267.32 35.0632 2.90092 -1.38244 -1.52983 2.54662 -0.529361 -2.9858 -2.75111 -1.16131 -4.5881e-14 1.16131 2.75111 2.9858 0.529361 -2.54662 1.52983 1.38244 -2.90092 -35.0632 
data/yeet.wav 20.062 0.0947141 1.14466 0.000386264 -270.529 36.0501 0.437741 -4.49566 0.307671 2.95099 0.4751 -2.43989 -1.60197 -0.129183 -4.35624e-14 0.129183 1.60197 2.43989 -0.4751 -2.95099 -0.307671 4.49566 -0.437741 -36.0501 
data/yeet.wav 20.898 0.129066 1.06209 0.00041247 -259.084 35.1256 -9.83566 -4.59538 2.38191 1.74047 -2.79431 -1.84293 0.383299 -1.14338 -3.64843e-14 1.14338 -0.383299 1.84293 2.79431 -1.74047 -2.38191 4.59538 9.83566 -35.1256 
data/yeet.wav 21.7339 0.107492 1.12566 0.000349399 -271.202 35.2702 -0.566692 -6.57589 -2.32411 0.156285 -1.99624 -3.25053 -2.74136 -2.49892 -4.51529e-14 2.49892 2.74136 3.25053 1.99624 -0.156285 2.32411 6.57589 0.566692 -35.2702 
data/yeet.wav 22.5698 0.1145 1.05279 0.000510145 -268.2 34.8898 1.82435 4.97419 7.77143 1.73593 -4.45521 -2.74573 -0.0335537 -0.363809 -3.90559e-14 0.363809 0.0335537 2.74573 4.45521 -1.73593 -7.77143 -4.97419 -1.82435 -34.8898 
data/yeet.wav 23.4057 0.0935915 1.14186 0.000409951 -267.447 39.26 0.564782 -6.08538 -0.439539 0.523651 -1.88813 -0.210919 2.25802 2.15404 -4.16678e-14 -2.15404 -2.25802 0.210919 1.88813 -0.523651 0.439539 6.08538 -0.564782 -39.26 
data/yeet.wav 24.2416 0.123514 0.959413 0.000474896 -264.774 34.0105 2.9953 -2.09528 -0.852934 3.50332 -0.238758 0.829722 -0.262882 -0.173149 -4.56359e-14 0.173149 0.262882 -0.829722 0.238758 -3.50332 0.852934 2.09528 -2.9953 -34.0105 
data/yeet.wav 25.0776 0.12508 1.0145 0.000342238 -266.208 32.1824 -10.6903 -11.236 -5.1431 -3.33913 -3.30228 -2.24392 -1.78662 -1.29886 -3.81401e-14 1.29886 1.78662 2.24392 3.30228 3.33913 5.1431 11.236 10.6903 -32.1824 
data/yeet.wav 25.9135 0.156595 1.0492 0.000393892 -260.63 30.8045 -10.0192 5.40113 13.5731 2.8302 -3.95377 -1.60543 -0.82125 0.395069 -2.6898e-14 -0.395069 0.82125 1.60543 3.95377 -2.8302 -13.5731 -5.40113 10.0192 -30.8045 
data/yeet.wav 26.7494 0.13999 1.13485 0.00049434 -266.713 31.9771 4.68427 7.58141 2.66706 -0.507834 -4.6037 -2.51778 0.404337 1.59355 -4.06305e-14 -1.59355 -0.404337 2.51778 4.6037 0.507834 -2.66706 -7.58141 -4.68427 -31.9771 
data/yeet.wav 27.5853 0.138048 1.20419 0.000310186 -265.838 33.3993 -2.11895 1.92762 5.28378 -1.93013 -6.67191 -1.6412 1.86265 -0.212154 -3.67116e-14 0.212154 -1.86265 1.6412 6.67191 1.93013 -5.28378 -1.92762 2.11895 -33.3993 
