data/to-extract/beyonce.wav 0 0.124429 0.822709 0.00144414 -238.258 38.0667 -3.79161 1.71312 -1.64963 1.66872 0.432612 3.72966 0.546951 -1.58933 -3.56132e-14 1.58933 -0.546951 -3.72966 -0.432612 -1.66872 1.64963 -1.71312 3.79161 -38.0667 0.259155 0.5 
data/to-extract/beyonce.wav 1.31422 0.142712 1.07119 0.00151233 -228.93 38.1556 -6.96795 -0.944597 -3.9563 -1.20583 -2.27832 3.57131 -0.600167 -1.59955 -3.20873e-14 1.59955 0.600167 -3.57131 2.27832 1.20583 3.9563 0.944597 6.96795 -38.1556 0.29248 0.5 
data/to-extract/beyonce.wav 2.62844 0.145726 1.21971 0.00174356 -229.13 35.9045 -4.08495 2.54404 -1.13929 4.33052 -1.96061 3.61763 0.545414 0.0871905 -3.64248e-14 -0.0871905 -0.545414 -3.61763 1.96061 -4.33052 1.13929 -2.54404 4.08495 -35.9045 0.318848 0.5 
data/to-extract/beyonce.wav 3.94265 0.154634 1.20312 0.00193171 -224.084 34.5642 -4.668 3.55623 -3.09912 1.39611 -3.10462 3.23564 0.946556 1.19782 -3.36328e-14 -1.19782 -0.946556 -3.23564 3.10462 -1.39611 3.09912 -3.55623 4.668 -34.5642 0.331421 0.5 
data/to-extract/beyonce.wav 5.25687 0.217019 1.11178 0.00142151 -223.677 25.5157 -5.08041 5.7075 -2.11344 5.93009 -1.77532 2.40297 1.0995 1.45468 -3.77926e-14 -1.45468 -1.0995 -2.40297 1.77532 -5.93009 2.11344 -5.7075 5.08041 -25.5157 0.408691 0.5 
data/to-extract/beyonce.wav 6.57109 0.18653 1.12163 0.00174374 -218.953 28.1281 -7.6626 4.88913 -2.00674 3.86141 -1.66433 2.48479 -0.288133 0.700199 -3.28477e-14 -0.700199 0.288133 -2.48479 1.66433 -3.86141 2.00674 -4.88913 7.6626 -28.1281 0.399536 0.5 
data/to-extract/beyonce.wav 7.88531 0.191839 0.974617 0.0017111 -215.95 27.7128 -7.86206 3.63026 -2.01392 3.25548 -0.566309 3.04708 -0.519953 -0.190544 -3.17274e-14 0.190544 0.519953 -3.04708 0.566309 -3.25548 2.01392 -3.63026 7.86206 -27.7128 0.389893 0.5 
data/to-extract/beyonce.wav 9.19952 0.176329 1.07259 0.00166319 -218.918 31.5158 -4.11336 4.70477 0.436494 2.75823 -3.18088 2.41447 -1.44088 -1.35394 -3.30119e-14 1.35394 1.44088 -2.41447 3.18088 -2.75823 -0.436494 -4.70477 4.11336 -31.5158 0.397461 0.5 
data/to-extract/beyonce.wav 10.5137 0.208574 1.06261 0.00165748 -229.889 25.6109 5.28515 7.09616 1.07164 7.37196 -2.54483 3.33211 0.359825 -0.143055 -4.43237e-14 0.143055 -0.359825 -3.33211 2.54483 -7.37196 -1.07164 -7.09616 -5.28515 -25.6109 0.472656 0.5 
data/to-extract/beyonce.wav 11.828 0.142283 1.16464 0.00136982 -235.536 36.2863 -1.82655 2.64186 -0.199235 4.19611 -1.7095 2.35574 -0.177913 -1.14205 -3.85755e-14 1.14205 0.177913 -2.35574 1.7095 -4.19611 0.199235 -2.64186 1.82655 -36.2863 0.322876 0.5 
data/to-extract/beyonce.wav 13.1422 0.132952 1.16443 0.00151384 -234.389 38.7265 -2.5775 1.11899 -3.04209 0.942434 -0.739785 2.07232 -0.832196 -1.60255 -3.62091e-14 1.60255 0.832196 -2.07232 0.739785 -0.942434 3.04209 -1.11899 2.5775 -38.7265 0.288696 0.5 
data/to-extract/beyonce.wav 14.4564 0.127081 0.993342 0.00141108 -236.32 39.1227 -3.8371 4.78532 -0.286446 -0.0935293 -1.65569 4.41137 0.247915 0.146944 -3.10201e-14 -0.146944 -0.247915 -4.41137 1.65569 0.0935293 0.286446 -4.78532 3.8371 -39.1227 0.235229 0.5 
data/to-extract/beyonce.wav 15.7706 0.159064 1.09862 0.00106465 -242.854 30.7917 -2.23042 8.97502 0.47528 5.73592 -0.815287 0.0700632 -0.668947 0.593096 -3.90915e-14 -0.593096 0.668947 -0.0700632 0.815287 -5.73592 -0.47528 -8.97502 2.23042 -30.7917 0.328857 0.5 
data/to-extract/beyonce.wav 17.0848 0.152133 1.06488 0.00133207 -230.424 34.9509 -7.80546 5.50158 -0.292839 4.13563 -0.133325 2.39919 0.41821 0.544953 -3.24949e-14 -0.544953 -0.41821 -2.39919 0.133325 -4.13563 0.292839 -5.50158 7.80546 -34.9509 0.301025 0.5 
data/to-extract/beyonce.wav 18.399 0.168879 1.05734 0.00161809 -221.154 34.3702 -4.34751 7.13306 0.0378188 2.61823 -2.33118 1.49064 -1.24857 -0.184462 -3.17621e-14 0.184462 1.24857 -1.49064 2.33118 -2.61823 -0.0378188 -7.13306 4.34751 -34.3702 0.343994 0.5 
data/to-extract/beyonce.wav 19.7133 0.158779 1.09669 0.00217912 -216.139 34.6344 -5.34037 5.65575 -2.2055 1.64621 -2.38651 1.22228 -0.131013 -0.837438 -3.24627e-14 0.837438 0.131013 -1.22228 2.38651 -1.64621 2.2055 -5.65575 5.34037 -34.6344 0.344116 0.5 
data/to-extract/beyonce.wav 21.0275 0.180929 1.09637 0.00157653 -222.272 29.3382 -4.52561 7.38982 2.31973 5.61118 -1.08221 0.270621 -0.769211 0.525714 -3.33459e-14 -0.525714 0.769211 -0.270621 1.08221 -5.61118 -2.31973 -7.38982 4.52561 -29.3382 0.378906 0.5 
data/to-extract/beyonce.wav 22.3417 0.179391 1.09967 0.00167989 -224.229 29.3681 -3.11289 7.85234 0.44115 4.28018 -0.833184 2.8207 1.63937 1.37651 -3.42054e-14 -1.37651 -1.63937 -2.8207 0.833184 -4.28018 -0.44115 -7.85234 3.11289 -29.3681 0.382324 0.5 
data/to-extract/beyonce.wav 23.6559 0.157544 1.07215 0.00156319 -226.546 34.8584 -2.98771 4.99923 0.86383 2.75333 -1.55755 1.9281 0.850197 0.311147 -3.33776e-14 -0.311147 -0.850197 -1.9281 1.55755 -2.75333 -0.86383 -4.99923 2.98771 -34.8584 0.317505 0.5 
data/to-extract/beyonce.wav 24.9701 0.143949 1.16833 0.00145574 -229.235 39.2874 -4.26415 6.58951 1.17496 0.884803 -2.02905 0.103869 -1.53544 -0.738801 -3.03545e-14 0.738801 1.53544 -0.103869 2.02905 -0.884803 -1.17496 -6.58951 4.26415 -39.2874 0.303223 0.5 
data/to-extract/beyonce.wav 26.2844 0.16372 1.01756 0.00169174 -230.32 30.9902 -6.78004 7.23357 0.834074 2.87443 -3.22649 1.03663 -0.681468 0.00510959 -3.26988e-14 -0.00510959 0.681468 -1.03663 3.22649 -2.87443 -0.834074 -7.23357 6.78004 -30.9902 0.311157 0.5 
data/to-extract/beyonce.wav 27.5986 0.152016 1.18486 0.00135675 -235.725 34.627 -5.77326 1.44232 -1.27505 4.79966 -0.574325 2.79131 0.67679 -1.02978 -3.80307e-14 1.02978 -0.67679 -2.79131 0.574325 -4.79966 1.27505 -1.44232 5.77326 -34.627 0.319702 0.5 
data/to-extract/beyonce.wav 28.9128 0.1727 1.11737 0.00148349 -220.519 34.6517 -7.81159 4.64256 -0.796844 4.70652 -5.09331 2.44444 -1.3094 -0.537212 -3.42612e-14 0.537212 1.3094 -2.44444 5.09331 -4.70652 0.796844 -4.64256 7.81159 -34.6517 0.359863 0.5 
data/to-extract/beyonce.wav 30.227 0.171558 1.13982 0.0016362 -217.995 33.8491 -9.42639 6.00866 0.387778 3.75876 -4.66793 0.492909 -0.525784 0.0671978 -3.11975e-14 -0.0671978 0.525784 -0.492909 4.66793 -3.75876 -0.387778 -6.00866 9.42639 -33.8491 0.349121 0.5 
data/to-extract/beyonce.wav 31.5412 0.162569 0.991847 0.00173296 -218.206 33.5462 -10.0079 3.86885 -0.473629 4.49016 -2.64381 0.554408 -0.551479 -0.624758 -3.22743e-14 0.624758 0.551479 -0.554408 2.64381 -4.49016 0.473629 -3.86885 10.0079 -33.5462 0.316284 0.5 
data/to-extract/beyonce.wav 32.8554 0.167151 1.10883 0.00168297 -224.38 30.399 -5.73635 5.44756 0.41745 5.00297 -0.916748 2.23587 -0.8762 1.07662 -3.28939e-14 -1.07662 0.8762 -2.23587 0.916748 -5.00297 -0.41745 -5.44756 5.73635 -30.399 0.353394 0.5 
data/to-extract/beyonce.wav 34.1697 0.169293 1.03584 0.00208922 -216.955 31.3326 -4.4273 7.48372 1.81893 3.35337 -1.47351 1.2106 -0.436987 0.57721 -3.02749e-14 -0.57721 0.436987 -1.2106 1.47351 -3.35337 -1.81893 -7.48372 4.4273 -31.3326 0.348389 0.5 
data/to-extract/beyonce.wav 35.4839 0.180412 0.957891 0.00184189 -219.36 29.3152 -2.91334 7.42073 1.36029 4.48404 -0.273519 2.05868 -1.29374 -0.191469 -3.26947e-14 0.191469 1.29374 -2.05868 0.273519 -4.48404 -1.36029 -7.42073 2.91334 -29.3152 0.397461 0.5 
data/to-extract/beyonce.wav 36.7981 0.180244 1.10509 0.00169037 -221.381 31.2463 -5.51319 6.10638 0.222874 2.23686 -2.80869 1.55681 0.0779408 0.848894 -3.12361e-14 -0.848894 -0.0779408 -1.55681 2.80869 -2.23686 -0.222874 -6.10638 5.51319 -31.2463 0.352905 0.5 
data/to-extract/beyonce.wav 38.1123 0.158706 1.15251 0.00189771 -219.407 36.3453 -8.50724 3.61493 1.3123 0.723498 -4.50338 3.24582 -0.397945 -0.914482 -2.79619e-14 0.914482 0.397945 -3.24582 4.50338 -0.723498 -1.3123 -3.61493 8.50724 -36.3453 0.301147 0.5 
data/to-extract/beyonce.wav 39.4265 0.222354 1.15426 0.00114307 -227.127 21.9532 -11.0099 3.62466 2.62504 2.91489 -5.21347 1.31647 -1.12809 -0.185909 -3.08927e-14 0.185909 1.12809 -1.31647 5.21347 -2.91489 -2.62504 -3.62466 11.0099 -21.9532 0.40271 0.5 
data/to-extract/beyonce.wav 40.7407 0.148515 0.906866 0.00143327 -230.749 34.3966 -3.4615 5.7164 1.29623 3.67719 -2.02564 2.53547 -0.423793 -0.195837 -3.4207e-14 0.195837 0.423793 -2.53547 2.02564 -3.67719 -1.29623 -5.7164 3.4615 -34.3966 0.322388 0.5 
data/to-extract/beyonce.wav 42.055 0.177826 1.06037 0.00139831 -221.776 31.7759 -8.37922 3.66254 -1.17737 1.96907 -4.62404 1.34148 -1.07774 -0.648124 -3.22693e-14 0.648124 1.07774 -1.34148 4.62404 -1.96907 1.17737 -3.66254 8.37922 -31.7759 0.360352 0.5 
data/to-extract/beyonce.wav 43.3692 0.161659 1.01959 0.00184268 -219.651 33.5796 -4.18158 5.10501 -2.73266 0.775657 -1.58772 3.29436 1.35028 0.543647 -3.21229e-14 -0.543647 -1.35028 -3.29436 1.58772 -0.775657 2.73266 -5.10501 4.18158 -33.5796 0.348999 0.5 
data/to-extract/beyonce.wav 44.6834 0.15949 0.809035 0.00204484 -215.014 34.2967 -3.07275 4.43545 -4.6835 0.132333 -1.38907 2.5901 1.27924 0.812742 -3.26397e-14 -0.812742 -1.27924 -2.5901 1.38907 -0.132333 4.6835 -4.43545 3.07275 -34.2967 0.35022 0.5 
data/to-extract/beyonce.wav 45.9976 0.198817 0.895878 0.00165194 -217.784 26.3315 -4.44001 7.31995 -0.267974 3.84677 0.539338 1.56818 0.8524 1.33049 -3.22655e-14 -1.33049 -0.8524 -1.56818 -0.539338 -3.84677 0.267974 -7.31995 4.44001 -26.3315 0.399902 0.5 
data/to-extract/beyonce.wav 47.3118 0.187063 0.86884 0.00176087 -214.826 29.0337 -4.48562 4.17477 -1.98528 1.6973 -0.556929 1.82829 0.980141 1.46248 -3.12674e-14 -1.46248 -0.980141 -1.82829 0.556929 -1.6973 1.98528 -4.17477 4.48562 -29.0337 0.398315 0.5 
data/to-extract/beyonce.wav 48.6261 0.201585 0.81118 0.00150965 -214.971 27.2014 -5.00868 2.93375 -2.89335 0.817512 -2.12495 0.243825 0.0332428 0.326087 -3.27038e-14 -0.326087 -0.0332428 -0.243825 2.12495 -0.817512 2.89335 -2.93375 5.00868 -27.2014 0.420044 0.5 
data/to-extract/beyonce.wav 49.9403 0.200528 0.876959 0.00155716 -217.757 27.9938 -2.32671 3.88346 -1.47684 0.823873 -2.20488 1.0386 0.844469 0.0882779 -3.37437e-14 -0.0882779 -0.844469 -1.0386 2.20488 -0.823873 1.47684 -3.88346 2.32671 -27.9938 0.426392 0.5 
data/to-extract/beyonce.wav 51.2545 0.198555 0.930314 0.00148518 -221.281 29.2259 -3.79979 0.837656 -3.48742 -0.578895 -1.85534 2.18478 1.10188 -0.432206 -3.39033e-14 0.432206 -1.10188 -2.18478 1.85534 0.578895 3.48742 -0.837656 3.79979 -29.2259 0.434448 0.5 
data/to-extract/beyonce.wav 52.5687 0.179859 0.812145 0.00176524 -220.016 31.487 -2.45015 4.32793 -0.397382 1.18832 -1.07775 2.59045 2.03206 0.0128274 -3.28534e-14 -0.0128274 -2.03206 -2.59045 1.07775 -1.18832 0.397382 -4.32793 2.45015 -31.487 0.38916 0.5 
data/to-extract/beyonce.wav 53.8829 0.175814 0.916395 0.00153641 -221.638 32.1125 -2.5014 2.85531 -2.64416 -0.531564 -1.69721 1.92605 1.01903 0.120128 -3.29503e-14 -0.120128 -1.01903 -1.92605 1.69721 0.531564 2.64416 -2.85531 2.5014 -32.1125 0.385376 0.5 
data/to-extract/beyonce.wav 55.1971 0.163626 0.828569 0.00204962 -214.33 33.4065 -4.64017 5.8557 -0.19538 1.57849 -3.33148 1.94042 -0.27172 -0.107774 -3.06355e-14 0.107774 0.27172 -1.94042 3.33148 -1.57849 0.19538 -5.8557 4.64017 -33.4065 0.353516 0.5 
data/to-extract/beyonce.wav 56.5114 0.166286 0.687911 0.00201225 -213.793 31.6135 -5.73848 5.28789 0.22835 3.32982 -2.55018 2.73774 -0.112869 0.278675 -3.10154e-14 -0.278675 0.112869 -2.73774 2.55018 -3.32982 -0.22835 -5.28789 5.73848 -31.6135 0.3573 0.5 
data/to-extract/beyonce.wav 57.8256 0.176344 0.776041 0.00183729 -211.961 30.2278 -6.76525 6.11212 0.266325 3.0147 -1.54086 1.27215 -0.826944 0.094272 -2.95286e-14 -0.094272 0.826944 -1.27215 1.54086 -3.0147 -0.266325 -6.11212 6.76525 -30.2278 0.362305 0.5 
data/to-extract/beyonce.wav 59.1398 0.180549 0.709783 0.00206409 -209.124 29.9202 -5.65455 5.49808 -0.780127 2.62468 -1.9705 2.53539 0.210643 0.169556 -3.05368e-14 -0.169556 -0.210643 -2.53539 1.9705 -2.62468 0.780127 -5.49808 5.65455 -29.9202 0.380493 0.5 
data/to-extract/beyonce.wav 60.454 0.174955 0.856903 0.0022699 -208.831 31.794 -5.34204 2.2066 -0.112666 2.69041 -2.25933 2.27432 0.454036 0.175182 -3.07613e-14 -0.175182 -0.454036 -2.27432 2.25933 -2.69041 0.112666 -2.2066 5.34204 -31.794 0.384033 0.5 
data/to-extract/beyonce.wav 61.7682 0.196519 0.777706 0.00166124 -215.863 26.9703 -3.77159 5.48015 1.00376 3.53026 -1.86848 1.86142 0.803126 0.579732 -3.27629e-14 -0.579732 -0.803126 -1.86142 1.86848 -3.53026 -1.00376 -5.48015 3.77159 -26.9703 0.429199 0.5 
data/to-extract/beyonce.wav 63.0824 0.180215 0.777539 0.00185989 -215.752 29.026 -5.14137 6.41671 1.12248 4.58062 -1.32479 1.61456 -0.267708 -0.293485 -3.25839e-14 0.293485 0.267708 -1.61456 1.32479 -4.58062 -1.12248 -6.41671 5.14137 -29.026 0.385376 0.5 
data/to-extract/beyonce.wav 64.3967 0.160391 0.766879 0.00202235 -213.741 32.9596 -5.07213 3.92003 0.217733 3.13157 -2.13887 3.33059 -0.713028 -0.346081 -3.10034e-14 0.346081 0.713028 -3.33059 2.13887 -3.13157 -0.217733 -3.92003 5.07213 -32.9596 0.341919 0.5 
data/to-extract/beyonce.wav 65.7109 0.163196 0.921624 0.00190072 -215.197 33.4318 -5.18532 3.49034 -1.78772 2.19008 -3.14295 3.02592 0.314285 -0.372997 -3.2843e-14 0.372997 -0.314285 -3.02592 3.14295 -2.19008 1.78772 -3.49034 5.18532 -33.4318 0.358643 0.5 
data/to-extract/beyonce.wav 67.0251 0.137801 0.964356 0.00197519 -218.996 38.4094 -4.4838 5.98978 -0.425706 0.911251 -2.74693 2.37616 -0.263247 -0.561169 -3.02758e-14 0.561169 0.263247 -2.37616 2.74693 -0.911251 0.425706 -5.98978 4.4838 -38.4094 0.279175 0.5 
data/to-extract/beyonce.wav 68.3393 0.156732 0.964356 0.0018343 -218.584 35.826 -4.05752 7.12317 1.24117 3.2715 -2.75767 0.79842 -0.896037 -0.221222 -3.1691e-14 0.221222 0.896037 -0.79842 2.75767 -3.2715 -1.24117 -7.12317 4.05752 -35.826 0.337891 0.5 
data/to-extract/beyonce.wav 69.6535 0.167613 0.9711 0.00172837 -219.9 32.7437 -6.23841 6.16648 -0.14808 1.59019 -2.57538 2.19159 -1.05507 0.227062 -2.95944e-14 -0.227062 1.05507 -2.19159 2.57538 -1.59019 0.14808 -6.16648 6.23841 -32.7437 0.335815 0.5 
data/to-extract/beyonce.wav 70.9678 0.172474 0.920592 0.0014822 -220.556 31.9505 -6.27095 5.37523 -1.07336 1.85976 -2.0158 2.1 -0.242664 0.597976 -3.08092e-14 -0.597976 0.242664 -2.1 2.0158 -1.85976 1.07336 -5.37523 6.27095 -31.9505 0.359863 0.5 
data/to-extract/beyonce.wav 72.282 0.176432 0.890277 0.00184384 -214.696 31.7592 -5.483 4.19239 -2.82147 2.44117 -0.238068 0.818299 -0.870141 0.118207 -3.20087e-14 -0.118207 0.870141 -0.818299 0.238068 -2.44117 2.82147 -4.19239 5.483 -31.7592 0.362427 0.5 
data/to-extract/beyonce.wav 73.5962 0.171607 0.842222 0.00172591 -216.516 31.4151 -5.86205 4.42608 -0.791484 2.93894 0.145688 2.4227 -0.532804 0.268685 -3.05195e-14 -0.268685 0.532804 -2.4227 -0.145688 -2.93894 0.791484 -4.42608 5.86205 -31.4151 0.354248 0.5 
data/to-extract/beyonce.wav 74.9104 0.160993 0.982155 0.00194007 -219.329 34.0036 -1.8689 4.38822 -0.497582 3.10816 -1.66769 1.15034 -0.308977 0.449736 -3.39712e-14 -0.449736 0.308977 -1.15034 1.66769 -3.10816 0.497582 -4.38822 1.8689 -34.0036 0.36438 0.5 
data/to-extract/beyonce.wav 76.2246 0.145454 1.01169 0.00187014 -220.702 37.0051 -3.71826 8.02709 1.43391 1.63473 -1.73805 1.61641 -0.378442 -0.176384 -2.95751e-14 0.176384 0.378442 -1.61641 1.73805 -1.63473 -1.43391 -8.02709 3.71826 -37.0051 0.296997 0.5 
data/to-extract/beyonce.wav 77.5388 0.163656 1.02801 0.00145885 -225.561 32.6706 -7.72638 6.84458 0.545043 2.51558 -1.64452 2.49525 0.411963 -0.409814 -3.08535e-14 0.409814 -0.411963 -2.49525 1.64452 -2.51558 -0.545043 -6.84458 7.72638 -32.6706 0.325439 0.5 
data/to-extract/beyonce.wav 78.8531 0.148475 0.916747 0.00138023 -230.803 36.3254 -4.31575 6.8144 0.632763 2.63401 -2.7645 0.99701 -1.02958 -0.00849301 -3.30375e-14 0.00849301 1.02958 -0.99701 2.7645 -2.63401 -0.632763 -6.8144 4.31575 -36.3254 0.300781 0.5 
data/to-extract/beyonce.wav 80.1673 0.181604 0.879539 0.00142002 -221.927 29.8582 -7.72201 8.15308 0.480044 1.8986 -3.06568 0.300471 -1.60616 -0.16091 -2.97968e-14 0.16091 1.60616 -0.300471 3.06568 -1.8986 -0.480044 -8.15308 7.72201 -29.8582 0.3396 0.5 
data/to-extract/beyonce.wav 81.4815 0.157926 0.980084 0.00130022 -227.263 34.5378 -6.92746 3.85821 -2.32834 1.62224 -0.641889 1.62264 -0.306756 0.267406 -3.18735e-14 -0.267406 0.306756 -1.62264 0.641889 -1.62224 2.32834 -3.85821 6.92746 -34.5378 0.322632 0.5 
data/to-extract/beyonce.wav 82.7957 0.163973 1.00123 0.00185061 -215.303 34.4532 -5.75391 1.90028 -3.89632 2.66118 -2.04501 3.15663 -0.513852 -0.0282396 -3.3535e-14 0.0282396 0.513852 -3.15663 2.04501 -2.66118 3.89632 -1.90028 5.75391 -34.4532 0.356567 0.5 
data/to-extract/beyonce.wav 84.1099 0.165624 0.929056 0.00193282 -213.855 33.506 -8.27466 2.88422 -2.21042 2.51958 -2.21725 2.37095 -0.353272 -1.01838 -3.15883e-14 1.01838 0.353272 -2.37095 2.21725 -2.51958 2.21042 -2.88422 8.27466 -33.506 0.342163 0.5 
data/to-extract/beyonce.wav 85.4241 0.171296 0.92232 0.00171512 -217.894 31.7823 -6.29033 5.97224 0.448056 4.02532 -0.32074 1.47881 0.343701 0.812277 -3.09788e-14 -0.812277 -0.343701 -1.47881 0.32074 -4.02532 -0.448056 -5.97224 6.29033 -31.7823 0.355835 0.5 
data/to-extract/beyonce.wav 86.7384 0.175959 0.966547 0.00173218 -218.172 31.0052 -3.83545 6.57792 -0.0158108 3.93403 -1.6533 0.962503 -0.973329 0.181194 -3.31969e-14 -0.181194 0.973329 -0.962503 1.6533 -3.93403 0.0158108 -6.57792 3.83545 -31.0052 0.373901 0.5 
data/to-extract/beyonce.wav 88.0526 0.177301 0.835186 0.00156452 -216.727 30.6287 -5.78879 5.09774 0.582089 2.22922 -2.92362 1.70418 -0.656391 0.225776 -3.03576e-14 -0.225776 0.656391 -1.70418 2.92362 -2.22922 -0.582089 -5.09774 5.78879 -30.6287 0.380737 0.5 
data/to-extract/beyonce.wav 89.3668 0.168297 0.879579 0.00209958 -213.883 31.5421 -5.28301 4.47906 0.90507 4.05832 -2.17068 2.51539 -0.78482 -0.191998 -3.15547e-14 0.191998 0.78482 -2.51539 2.17068 -4.05832 -0.90507 -4.47906 5.28301 -31.5421 0.367554 0.5 
data/to-extract/beyonce.wav 90.681 0.175951 0.870526 0.00152873 -218.615 31.1782 -7.68664 5.85251 -0.344672 3.06269 -2.88859 2.07373 -0.352865 -0.521574 -3.17143e-14 0.521574 0.352865 -2.07373 2.88859 -3.06269 0.344672 -5.85251 7.68664 -31.1782 0.358276 0.5 
data/to-extract/beyonce.wav 91.9952 0.157308 0.969173 0.00215935 -214.879 34.7984 -6.94882 5.6599 0.613429 2.45511 -3.08168 3.48088 -0.516691 -0.723474 -2.94574e-14 0.723474 0.516691 -3.48088 3.08168 -2.45511 -0.613429 -5.6599 6.94882 -34.7984 0.319824 0.5 
data/to-extract/beyonce.wav 93.3095 0.190016 0.887058 0.00144704 -218.85 28.958 -7.03937 5.42505 0.752085 2.65956 -3.46202 2.7776 -0.135802 -0.543517 -3.13609e-14 0.543517 0.135802 -2.7776 3.46202 -2.65956 -0.752085 -5.42505 7.03937 -28.958 0.385742 0.5 
data/to-extract/beyonce.wav 94.6237 0.163785 0.757104 0.00185084 -219.765 32.1979 -5.43649 5.38532 0.111542 3.21829 -0.531468 2.79353 0.724679 1.26234 -3.07648e-14 -1.26234 -0.724679 -2.79353 0.531468 -3.21829 -0.111542 -5.38532 5.43649 -32.1979 0.349976 0.5 
data/to-extract/beyonce.wav 95.9379 0.17545 0.881041 0.00163446 -217.94 31.5296 -6.91974 5.38077 -1.78217 1.4577 -3.35242 1.95792 -0.0577061 0.493967 -3.10348e-14 -0.493967 0.0577061 -1.95792 3.35242 -1.4577 1.78217 -5.38077 6.91974 -31.5296 0.36499 0.5 
data/to-extract/beyonce.wav 97.2521 0.160464 0.991613 0.00205155 -216.435 34.3823 -4.88241 4.7485 -3.14607 0.470286 -1.35021 3.44119 1.41423 0.978001 -3.06946e-14 -0.978001 -1.41423 -3.44119 1.35021 -0.470286 3.14607 -4.7485 4.88241 -34.3823 0.341187 0.5 
data/to-extract/beyonce.wav 98.5663 0.165576 0.907986 0.00217057 -213.072 31.5799 -4.53342 5.25399 -2.40379 0.91494 -1.00277 1.88239 1.03352 1.60035 -3.00815e-14 -1.60035 -1.03352 -1.88239 1.00277 -0.91494 2.40379 -5.25399 4.53342 -31.5799 0.353027 0.5 
data/to-extract/beyonce.wav 99.8805 0.19805 0.837129 0.00166407 -214.405 27.0144 -4.62152 6.11412 -1.21857 3.47457 -0.244018 0.792725 -0.462759 0.916586 -3.2228e-14 -0.916586 0.462759 -0.792725 0.244018 -3.47457 1.21857 -6.11412 4.62152 -27.0144 0.411011 0.5 
data/to-extract/beyonce.wav 101.195 0.198272 0.921961 0.001811 -215.077 27.6041 -2.95726 5.89296 -0.454715 1.99748 -1.29236 0.929288 0.908625 0.961054 -3.21588e-14 -0.961054 -0.908625 -0.929288 1.29236 -1.99748 0.454715 -5.89296 2.95726 -27.6041 0.416626 0.5 
data/to-extract/beyonce.wav 102.509 0.212248 0.847073 0.0011635 -228.312 25.4928 -4.49584 2.82582 -1.46595 1.74194 -1.47593 1.42452 1.14685 0.474594 -3.51508e-14 -0.474594 -1.14685 -1.42452 1.47593 -1.74194 1.46595 -2.82582 4.49584 -25.4928 0.445679 0.5 
data/to-extract/beyonce.wav 103.823 0.197052 1.14241 0.00128512 -227.717 29.0032 -5.04767 0.92359 -2.22709 -0.530254 -2.67073 0.434817 0.0625819 -0.807666 -3.39621e-14 0.807666 -0.0625819 -0.434817 2.67073 0.530254 2.22709 -0.92359 5.04767 -29.0032 0.391602 0.5 
data/to-extract/beyonce.wav 105.137 0.172911 1.16692 0.00133997 -234.571 31.5988 -2.75866 1.33305 -2.91555 -0.51767 -1.0447 3.10066 1.00656 -1.00145 -3.56876e-14 1.00145 -1.00656 -3.10066 1.0447 0.51767 2.91555 -1.33305 2.75866 -31.5988 0.38623 0.5 
data/to-extract/beyonce.wav 106.452 0.17009 0.987745 0.00146853 -229.634 33.6758 -1.94094 5.00691 0.23358 1.18982 -1.72669 1.81715 1.47019 -0.0431581 -3.41173e-14 0.0431581 -1.47019 -1.81715 1.72669 -1.18982 -0.23358 -5.00691 1.94094 -33.6758 0.344482 0.5 
data/to-extract/beyonce.wav 107.766 0.156934 1.16275 0.0017789 -226.679 34.5147 -1.67464 3.2209 -2.55852 0.778395 -1.2422 1.85399 1.11261 0.785511 -3.45713e-14 -0.785511 -1.11261 -1.85399 1.2422 -0.778395 2.55852 -3.2209 1.67464 -34.5147 0.329102 0.5 
data/to-extract/beyonce.wav 109.08 0.153963 0.955703 0.00180849 -222.242 33.7316 -3.81708 7.76017 1.23646 2.12134 -2.08821 1.8736 -0.494967 0.0939278 -3.07187e-14 -0.0939278 0.494967 -1.8736 2.08821 -2.12134 -1.23646 -7.76017 3.81708 -33.7316 0.323608 0.5 
data/to-extract/beyonce.wav 110.394 0.171645 0.791274 0.00181074 -215.418 31.4825 -6.56753 4.20792 -1.27781 3.00387 -3.38937 2.21317 0.365417 -0.433322 -3.31603e-14 0.433322 -0.365417 -2.21317 3.38937 -3.00387 1.27781 -4.20792 6.56753 -31.4825 0.359985 0.5 
data/to-extract/beyonce.wav 111.709 0.176223 0.874055 0.00188462 -213.537 29.9554 -7.90713 4.86221 1.00983 3.85675 -0.461746 2.44776 -0.819273 0.328911 -2.87015e-14 -0.328911 0.819273 -2.44776 0.461746 -3.85675 -1.00983 -4.86221 7.90713 -29.9554 0.351196 0.5 
data/to-extract/beyonce.wav 113.023 0.182344 0.706984 0.00183279 -214.02 30.3097 -4.25498 3.93601 -0.0544719 2.91452 -2.37775 1.6468 0.0606889 0.284294 -3.22831e-14 -0.284294 -0.0606889 -1.6468 2.37775 -2.91452 0.0544719 -3.93601 4.25498 -30.3097 0.396362 0.5 
data/to-extract/beyonce.wav 114.337 0.194053 0.847989 0.00176611 -213.528 28.0009 -6.16817 2.93656 2.06448 3.59367 -1.89139 2.99935 0.683996 0.405723 -3.031e-14 -0.405723 -0.683996 -2.99935 1.89139 -3.59367 -2.06448 -2.93656 6.16817 -28.0009 0.412842 0.5 
data/to-extract/beyonce.wav 115.651 0.176635 0.880726 0.00210501 -216.994 30.081 -1.28125 6.52042 2.23272 4.96642 -2.58855 1.70235 0.459201 -0.393512 -3.53378e-14 0.393512 -0.459201 -1.70235 2.58855 -4.96642 -2.23272 -6.52042 1.28125 -30.081 0.405762 0.5 
data/to-extract/beyonce.wav 116.965 0.171713 0.791669 0.00179785 -220.687 30.6884 -3.64628 5.98231 3.02731 5.12578 -2.95252 1.72016 -0.900943 -1.05379 -3.41644e-14 1.05379 0.900943 -1.72016 2.95252 -5.12578 -3.02731 -5.98231 3.64628 -30.6884 0.388184 0.5 
data/to-extract/beyonce.wav 118.28 0.167128 0.852193 0.00168691 -220.335 32.291 -3.10778 2.2647 0.628598 3.72493 -3.62883 3.10594 -0.175115 -0.470031 -3.49355e-14 0.470031 0.175115 -3.10594 3.62883 -3.72493 -0.628598 -2.2647 3.10778 -32.291 0.386597 0.5 
data/to-extract/beyonce.wav 119.594 0.145963 0.99374 0.00131417 -230.272 35.7328 -5.61198 3.63467 -3.06745 0.0703908 -2.36041 2.21276 0.928048 0.354922 -3.30979e-14 -0.354922 -0.928048 -2.21276 2.36041 -0.0703908 3.06745 -3.63467 5.61198 -35.7328 0.291382 0.5 
data/to-extract/beyonce.wav 120.908 0.191161 1.11279 0.0010368 -236.066 24.2824 -7.27522 6.61745 -2.03483 3.08635 -1.50076 1.45117 0.339774 -0.217669 -3.65533e-14 0.217669 -0.339774 -1.45117 1.50076 -3.08635 2.03483 -6.61745 7.27522 -24.2824 0.366699 0.5 
data/to-extract/beyonce.wav 122.222 0.15429 0.993342 0.00137569 -227.807 34.123 -5.5682 3.17916 -4.72517 -0.273711 -2.20591 1.95558 1.42368 0.352716 -3.41591e-14 -0.352716 -1.42368 -1.95558 2.20591 0.273711 4.72517 -3.17916 5.5682 -34.123 0.315308 0.5 
data/to-extract/beyonce.wav 123.536 0.185393 1.01798 0.00142931 -224.581 28.8011 -6.37808 2.86927 -6.1194 -0.338335 -2.64788 1.60399 0.82557 0.4945 -3.47759e-14 -0.4945 -0.82557 -1.60399 2.64788 0.338335 6.1194 -2.86927 6.37808 -28.8011 0.376465 0.5 
data/to-extract/beyonce.wav 124.851 0.166981 1.09767 0.00205293 -217.798 32.7938 -4.39039 4.29126 -4.21886 1.0098 -0.717677 2.00218 -0.317498 0.379242 -3.25073e-14 -0.379242 0.317498 -2.00218 0.717677 -1.0098 4.21886 -4.29126 4.39039 -32.7938 0.358887 0.5 
data/to-extract/beyonce.wav 126.165 0.185338 1.11233 0.00189058 -216.077 30.5382 -5.59012 1.96089 -5.17007 0.0198682 -1.42864 1.8957 0.2339 0.843658 -3.2128e-14 -0.843658 -0.2339 -1.8957 1.42864 -0.0198682 5.17007 -1.96089 5.59012 -30.5382 0.382812 0.5 
data/to-extract/beyonce.wav 127.479 0.199189 1.08072 0.00169591 -220.555 25.9384 -6.7122 6.61458 -0.821086 3.35296 -0.907944 1.22818 0.87876 0.875906 -3.26598e-14 -0.875906 -0.87876 -1.22818 0.907944 -3.35296 0.821086 -6.61458 6.7122 -25.9384 0.395752 0.5 
data/to-extract/beyonce.wav 128.793 0.180162 1.01096 0.00156587 -223.76 29.066 -4.12318 5.46284 -1.25809 2.53264 -1.77477 1.46757 0.0125836 -0.299135 -3.46242e-14 0.299135 -0.0125836 -1.46757 1.77477 -2.53264 1.25809 -5.46284 4.12318 -29.066 0.371826 0.5 
data/to-extract/beyonce.wav 130.108 0.168826 1.05696 0.00171709 -219.157 33.914 -4.44071 2.6848 -3.85305 1.15593 -1.75306 3.46328 2.47977 -0.441102 -3.48789e-14 0.441102 -2.47977 -3.46328 1.75306 -1.15593 3.85305 -2.6848 4.44071 -33.914 0.358398 0.5 
data/to-extract/beyonce.wav 131.422 0.17771 0.916281 0.002055 -218.365 31.5999 -2.7652 4.40736 -0.615451 2.81851 -0.995626 3.60713 1.56979 0.85774 -3.30996e-14 -0.85774 -1.56979 -3.60713 0.995626 -2.81851 0.615451 -4.40736 2.7652 -31.5999 0.383057 0.5 
data/to-extract/beyonce.wav 132.736 0.172864 0.969968 0.00196637 -217.438 31.6519 -3.45649 7.14789 2.30731 3.85156 -4.11496 1.55204 0.741268 -1.81819 -3.46953e-14 1.81819 -0.741268 -1.55204 4.11496 -3.85156 -2.30731 -7.14789 3.45649 -31.6519 0.387817 0.5 
data/to-extract/beyonce.wav 134.05 0.172151 0.956682 0.00184087 -220.101 35.085 -3.13865 2.9537 -2.04802 -0.412109 -2.30759 2.54725 0.0103045 -1.59433 -3.25553e-14 1.59433 -0.0103045 -2.54725 2.30759 0.412109 2.04802 -2.9537 3.13865 -35.085 0.366577 0.5 
data/to-extract/beyonce.wav 135.364 0.182329 0.726787 0.0014368 -225.414 28.2638 -3.70201 7.64664 1.26115 3.54883 -0.369319 1.9653 0.53582 0.339116 -3.30522e-14 -0.339116 -0.53582 -1.9653 0.369319 -3.54883 -1.26115 -7.64664 3.70201 -28.2638 0.393555 0.5 
data/to-extract/beyonce.wav 136.679 0.175328 0.806553 0.00183589 -218.56 31.951 -5.27093 5.07094 -0.109675 1.68404 -0.209744 2.50346 -0.264727 -0.107663 -2.97156e-14 0.107663 0.264727 -2.50346 0.209744 -1.68404 0.109675 -5.07094 5.27093 -31.951 0.356323 0.5 
data/to-extract/beyonce.wav 137.993 0.181744 0.857179 0.00197105 -214.659 30.9417 -4.33395 4.41576 -2.0624 4.2724 -0.704473 3.19085 -1.11516 0.165109 -3.3504e-14 -0.165109 1.11516 -3.19085 0.704473 -4.2724 2.0624 -4.41576 4.33395 -30.9417 0.391846 0.5 
data/to-extract/beyonce.wav 139.307 0.168721 0.91324 0.00221936 -213.218 33.6925 -4.2169 3.20341 -1.61029 3.15513 -1.41725 2.39853 -0.292884 -0.0237975 -3.27266e-14 0.0237975 0.292884 -2.39853 1.41725 -3.15513 1.61029 -3.20341 4.2169 -33.6925 0.374268 0.5 
data/to-extract/beyonce.wav 140.621 0.166159 1.00277 0.00209117 -213.117 34.3139 -4.51355 1.7726 -2.66631 1.23444 -1.63158 2.40541 -1.30104 -1.34397 -3.20054e-14 1.34397 1.30104 -2.40541 1.63158 -1.23444 2.66631 -1.7726 4.51355 -34.3139 0.356689 0.5 
data/to-extract/beyonce.wav 141.936 0.17155 0.848231 0.00194236 -218.516 31.9843 -0.419949 5.19148 -0.4849 3.73193 -2.14641 1.23539 -1.12886 -0.853012 -3.62192e-14 0.853012 1.12886 -1.23539 2.14641 -3.73193 0.4849 -5.19148 0.419949 -31.9843 0.387451 0.5 
data/to-extract/beyonce.wav 143.25 0.16948 1.07594 0.00200855 -213.253 31.9785 -9.98433 2.41284 1.86952 3.16345 -4.01107 2.71157 -0.756269 -1.75923 -2.94413e-14 1.75923 0.756269 -2.71157 4.01107 -3.16345 -1.86952 -2.41284 9.98433 -31.9785 0.362793 0.5 
data/to-extract/beyonce.wav 144.564 0.179549 0.904044 0.001977 -214.081 31.6126 -5.12502 5.54049 0.750746 2.77646 -6.17541 1.07953 -0.6569 -1.44594 -3.356e-14 1.44594 0.6569 -1.07953 6.17541 -2.77646 -0.750746 -5.54049 5.12502 -31.6126 0.397949 0.5 
data/to-extract/beyonce.wav 145.878 0.17363 0.941867 0.00185857 -214.614 31.8374 -6.78975 6.31463 2.41921 3.27839 -5.73043 2.851 -0.547985 -1.4024 -3.11861e-14 1.4024 0.547985 -2.851 5.73043 -3.27839 -2.41921 -6.31463 6.78975 -31.8374 0.380005 0.5 
data/to-extract/beyonce.wav 147.192 0.204792 0.78274 0.0017356 -219.37 26.7266 -1.10913 5.79307 1.90613 4.33142 -1.13624 1.9 -0.349862 0.0788344 -3.43731e-14 -0.0788344 0.349862 -1.9 1.13624 -4.33142 -1.90613 -5.79307 1.10913 -26.7266 0.441528 0.5 
data/to-extract/beyonce.wav 148.507 0.203004 0.974948 0.00192349 -220.875 26.4709 -0.904442 9.46476 3.89836 3.94151 -2.36702 2.32171 0.107668 0.481192 -3.26761e-14 -0.481192 -0.107668 -2.32171 2.36702 -3.94151 -3.89836 -9.46476 0.904442 -26.4709 0.426025 0.5 
data/to-extract/beyonce.wav 149.821 0.171588 0.963905 0.00209901 -214.425 33.3045 -7.23278 6.08068 1.44172 2.70278 -3.80683 3.22718 0.492125 -0.292717 -2.95851e-14 0.292717 -0.492125 -3.22718 3.80683 -2.70278 -1.44172 -6.08068 7.23278 -33.3045 0.37146 0.5 
data/to-extract/beyonce.wav 151.135 0.166529 0.915384 0.00210954 -214.188 32.2367 -6.07993 7.16221 -0.764009 4.41379 -1.84268 2.90641 0.982659 -0.534003 -3.33484e-14 0.534003 -0.982659 -2.90641 1.84268 -4.41379 0.764009 -7.16221 6.07993 -32.2367 0.359985 0.5 
data/to-extract/beyonce.wav 152.449 0.173044 0.93025 0.00194619 -216.603 32.164 -4.47867 7.37232 1.88508 5.61997 -5.00885 3.10922 -0.682299 -1.1757 -3.48861e-14 1.1757 0.682299 -3.10922 5.00885 -5.61997 -1.88508 -7.37232 4.47867 -32.164 0.39563 0.5 
data/to-extract/beyonce.wav 153.763 0.190193 0.794576 0.00178184 -214.203 30.0868 -2.02558 4.21373 -2.12954 3.88785 -3.46147 1.99343 -1.48211 -0.92354 -3.67286e-14 0.92354 1.48211 -1.99343 3.46147 -3.88785 2.12954 -4.21373 2.02558 -30.0868 0.431152 0.5 
data/to-extract/beyonce.wav 155.078 0.161091 1.05094 0.00171785 -218.093 35.3726 -2.26771 4.84459 -2.838 1.52677 -3.85717 3.26383 -0.616246 -1.14056 -3.49624e-14 1.14056 0.616246 -3.26383 3.85717 -1.52677 2.838 -4.84459 2.26771 -35.3726 0.371704 0.5 
data/to-extract/beyonce.wav 156.392 0.1572 0.895855 0.00146039 -224.089 34.3911 -1.37489 4.73269 -2.99322 1.85004 -3.84615 2.70464 -0.320348 -0.411118 -3.67774e-14 0.411118 0.320348 -2.70464 3.84615 -1.85004 2.99322 -4.73269 1.37489 -34.3911 0.364258 0.5 
data/to-extract/beyonce.wav 157.706 0.170397 1.08832 0.00196025 -215.5 34.2417 -1.67805 8.56745 -2.67411 2.52075 -2.30255 2.5944 -0.767078 -1.29595 -3.49303e-14 1.29595 0.767078 -2.5944 2.30255 -2.52075 2.67411 -8.56745 1.67805 -34.2417 0.36853 0.5 
data/to-extract/beyonce.wav 159.02 0.166372 0.958212 0.00179071 -216.822 32.0847 -2.05848 5.7761 -1.60686 2.72588 -2.02343 3.7425 -0.0696191 -0.30179 -3.41348e-14 0.30179 0.0696191 -3.7425 2.02343 -2.72588 1.60686 -5.7761 2.05848 -32.0847 0.380127 0.5 
data/to-extract/beyonce.wav 160.335 0.185368 1.01625 0.00135138 -222.291 32.2625 0.157673 2.03837 -6.23211 0.745112 -0.185817 2.18359 -1.00832 -1.49592 -3.81916e-14 1.49592 1.00832 -2.18359 0.185817 -0.745112 6.23211 -2.03837 -0.157673 -32.2625 0.412354 0.5 
data/to-extract/beyonce.wav 161.649 0.153373 0.849381 0.00188064 -215.454 35.924 -4.33999 0.423951 -3.99036 -0.799374 -3.34292 5.58091 -1.29299 -1.15022 -3.10954e-14 1.15022 1.29299 -5.58091 3.34292 0.799374 3.99036 -0.423951 4.33999 -35.924 0.360352 0.5 
data/to-extract/beyonce.wav 162.963 0.221682 1.11508 0.00172193 -215.714 24.9425 -0.142351 3.20944 -3.42909 4.25333 -0.354365 2.18869 0.159755 0.949446 -3.80923e-14 -0.949446 -0.159755 -2.18869 0.354365 -4.25333 3.42909 -3.20944 0.142351 -24.9425 0.467163 0.5 
data/to-extract/beyonce.wav 164.277 0.23053 1.09158 0.00192849 -214.232 23.1734 -1.7416 7.38449 -1.17282 5.34641 0.904443 3.2387 0.268514 0.70298 -3.54258e-14 -0.70298 -0.268514 -3.2387 -0.904443 -5.34641 1.17282 -7.38449 1.7416 -23.1734 0.459473 0.5 
data/to-extract/beyonce.wav 165.591 0.239397 1.09637 0.00164593 -218.981 22.1819 -0.223688 3.19183 -4.30504 5.02523 -3.07951 3.16166 1.23915 -0.224959 -4.29533e-14 0.224959 -1.23915 -3.16166 3.07951 -5.02523 4.30504 -3.19183 0.223688 -22.1819 0.476807 0.5 
data/to-extract/beyonce.wav 166.906 0.23207 1.09232 0.0014927 -219.107 24.6697 -4.54526 -0.458434 -5.43409 3.91786 -2.24787 4.09699 0.689445 -1.94768 -4.09012e-14 1.94768 -0.689445 -4.09699 2.24787 -3.91786 5.43409 0.458434 4.54526 -24.6697 0.467163 0.5 
data/to-extract/beyonce.wav 168.22 0.153686 1.0276 0.00165031 -225.074 35.0267 -4.16096 2.27833 -2.01711 1.99315 -2.99005 3.37095 -0.462104 -1.06738 -3.49289e-14 1.06738 0.462104 -3.37095 2.99005 -1.99315 2.01711 -2.27833 4.16096 -35.0267 0.329102 0.5 
data/to-extract/beyonce.wav 169.534 0.135942 1.14406 0.00179281 -225.582 35.4559 -7.05997 5.91844 0.410521 2.95877 -3.55382 3.64407 -0.868058 -1.44408 -3.22989e-14 1.44408 0.868058 -3.64407 3.55382 -2.95877 -0.410521 -5.91844 7.05997 -35.4559 0.274292 0.5 
data/to-extract/beyonce.wav 170.848 0.172299 0.966137 0.00131835 -231.373 30.3215 -6.26473 4.31261 -0.268271 6.21876 -2.67941 2.97175 0.178705 0.38815 -3.74981e-14 -0.38815 -0.178705 -2.97175 2.67941 -6.21876 0.268271 -4.31261 6.26473 -30.3215 0.344849 0.5 
data/to-extract/beyonce.wav 172.163 0.117963 1.07281 0.00166053 -234.868 39.5039 -0.797798 3.65973 -1.85578 -0.528981 -0.73499 4.93783 2.21184 -0.0958533 -3.39624e-14 0.0958533 -2.21184 -4.93783 0.73499 0.528981 1.85578 -3.65973 0.797798 -39.5039 0.251465 0.5 
data/to-extract/beyonce.wav 173.477 0.142619 0.900619 0.00149555 -228.495 37.057 -3.46799 2.10386 -6.91072 -0.750492 -0.820849 2.10013 0.437841 0.184048 -3.53108e-14 -0.184048 -0.437841 -2.10013 0.820849 0.750492 6.91072 -2.10386 3.46799 -37.057 0.307251 0.5 
data/to-extract/beyonce.wav 174.791 0.181198 0.836372 0.00169436 -223.781 29.0814 -2.66864 9.68324 -0.0167805 5.01926 -0.193053 0.975807 -0.467359 1.11798 -3.45953e-14 -1.11798 0.467359 -0.975807 0.193053 -5.01926 0.0167805 -9.68324 2.66864 -29.0814 0.379883 0.5 
data/to-extract/beyonce.wav 176.105 0.168802 1.0256 0.00182938 -218.413 30.8915 -5.1775 5.22656 -2.44239 1.29736 -1.54081 2.24354 1.05573 1.14786 -3.16622e-14 -1.14786 -1.05573 -2.24354 1.54081 -1.29736 2.44239 -5.22656 5.1775 -30.8915 0.35376 0.5 
data/to-extract/beyonce.wav 177.419 0.173213 0.928669 0.0010378 -232.864 29.2374 -6.89737 3.04499 -4.79314 -0.633808 -3.21945 0.516138 -0.098254 0.0202608 -3.48651e-14 -0.0202608 0.098254 -0.516138 3.21945 0.633808 4.79314 -3.04499 6.89737 -29.2374 0.356689 0.5 
data/to-extract/beyonce.wav 178.734 0.200515 1.12245 0.00158746 -223.54 25.6773 -6.34465 4.69446 -1.156 1.55618 -3.09693 -0.0748401 0.340924 1.02296 -3.29368e-14 -1.02296 -0.340924 0.0748401 3.09693 -1.55618 1.156 -4.69446 6.34465 -25.6773 0.407104 0.5 
data/to-extract/beyonce.wav 180.048 0.178103 1.03001 0.0017539 -221.862 30.4404 -2.82509 6.01379 -1.29496 2.06983 -1.91305 2.38606 1.96363 0.171632 -3.47888e-14 -0.171632 -1.96363 -2.38606 1.91305 -2.06983 1.29496 -6.01379 2.82509 -30.4404 0.390991 0.5 
data/to-extract/beyonce.wav 181.362 0.247351 1.07714 0.000785807 -234.899 15.2301 -12.1745 0.411485 -6.79462 -1.12989 -5.2325 0.156789 0.284028 -0.912738 -3.74085e-14 0.912738 -0.284028 -0.156789 5.2325 1.12989 6.79462 -0.411485 12.1745 -15.2301 0.447632 0.5 
data/to-extract/beyonce.wav 182.676 0.189401 1.10925 0.00143562 -224.478 29.2585 -5.04019 4.03774 -3.64421 0.0198192 -4.93809 1.47586 -1.18431 -2.2995 -3.5956e-14 2.2995 1.18431 -1.47586 4.93809 -0.0198192 3.64421 -4.03774 5.04019 -29.2585 0.390869 0.5 
data/to-extract/beyonce.wav 183.99 0.166701 0.853607 0.00182718 -214.431 33.1369 -5.96026 5.16213 0.69224 1.99919 -4.39218 2.73734 -0.581985 -0.848165 -3.05192e-14 0.848165 0.581985 -2.73734 4.39218 -1.99919 -0.69224 -5.16213 5.96026 -33.1369 0.360596 0.5 
data/to-extract/beyonce.wav 185.305 0.172899 0.703018 0.00170741 -217.631 31.6966 -3.71574 4.40821 -0.0761438 3.21868 -3.26337 2.84876 0.13943 -0.436115 -3.39771e-14 0.436115 -0.13943 -2.84876 3.26337 -3.21868 0.0761438 -4.40821 3.71574 -31.6966 0.387207 0.5 
data/to-extract/beyonce.wav 186.619 0.169166 0.917236 0.0018387 -218.178 31.5752 -5.12939 5.67864 1.59918 2.3954 -2.3126 3.52766 -0.457497 -0.105785 -2.97354e-14 0.105785 0.457497 -3.52766 2.3126 -2.3954 -1.59918 -5.67864 5.12939 -31.5752 0.36731 0.5 
data/to-extract/beyonce.wav 187.933 0.167588 0.796865 0.00189411 -214.765 33.5527 -5.27001 3.86144 -0.0590419 1.43964 -4.03882 4.3014 1.07077 0.351927 -3.04104e-14 -0.351927 -1.07077 -4.3014 4.03882 -1.43964 0.0590419 -3.86144 5.27001 -33.5527 0.355591 0.5 
data/to-extract/beyonce.wav 189.247 0.170779 0.821161 0.00187753 -214.994 31.0998 -8.46858 3.59267 1.36565 3.37865 -1.48252 2.20732 -0.97474 -0.213941 -2.87565e-14 0.213941 0.97474 -2.20732 1.48252 -3.37865 -1.36565 -3.59267 8.46858 -31.0998 0.343506 0.5 
data/to-extract/beyonce.wav 190.562 0.179505 0.823355 0.0019839 -212.211 30.2852 -4.60558 5.61496 0.457049 2.56202 -1.44341 2.0826 0.788551 1.22379 -2.98835e-14 -1.22379 -0.788551 -2.0826 1.44341 -2.56202 -0.457049 -5.61496 4.60558 -30.2852 0.375 0.5 
data/to-extract/beyonce.wav 191.876 0.182413 0.907556 0.00210955 -213.765 28.9943 -4.21638 5.93673 0.165181 4.43463 0.205989 2.02901 0.367333 0.791122 -3.20809e-14 -0.791122 -0.367333 -2.02901 -0.205989 -4.43463 -0.165181 -5.93673 4.21638 -28.9943 0.391235 0.5 
data/to-extract/beyonce.wav 193.19 0.186746 0.814085 0.00148223 -219.38 28.9892 -1.82345 4.05768 -0.828607 2.7342 -2.28994 1.841 -0.365412 0.15021 -3.48335e-14 -0.15021 0.365412 -1.841 2.28994 -2.7342 0.828607 -4.05768 1.82345 -28.9892 0.42627 0.5 
data/to-extract/beyonce.wav 194.504 0.17262 0.924731 0.00205842 -212.202 31.6854 -5.5556 5.25124 -1.13939 2.43721 -1.84591 2.87339 -0.298522 -0.602708 -3.11736e-14 0.602708 0.298522 -2.87339 1.84591 -2.43721 1.13939 -5.25124 5.5556 -31.6854 0.363525 0.5 
data/to-extract/beyonce.wav 195.818 0.178035 0.714621 0.0017598 -216.411 30.8106 -3.39745 5.58759 0.901944 1.98964 -3.93012 2.66665 -0.0916025 -0.548144 -3.21311e-14 0.548144 0.0916025 -2.66665 3.93012 -1.98964 -0.901944 -5.58759 3.39745 -30.8106 0.401001 0.5 
data/to-extract/beyonce.wav 197.133 0.175901 0.861506 0.00192706 -214.736 30.2328 -6.90519 3.79853 1.59829 3.86751 -3.22778 3.61026 -0.670339 -0.43859 -3.07709e-14 0.43859 0.670339 -3.61026 3.22778 -3.86751 -1.59829 -3.79853 6.90519 -30.2328 0.396362 0.5 
data/to-extract/beyonce.wav 198.447 0.16151 0.894709 0.00215933 -215.042 33.7979 -2.97476 4.24292 1.72796 3.40404 -2.35068 3.9378 0.441989 -1.14303 -3.25079e-14 1.14303 -0.441989 -3.9378 2.35068 -3.40404 -1.72796 -4.24292 2.97476 -33.7979 0.364502 0.5 
data/to-extract/beyonce.wav 199.761 0.172643 0.881636 0.00198504 -214.054 31.8495 -6.92535 5.05041 1.97996 2.34115 -1.93298 2.36594 -0.353222 -0.0725911 -2.79376e-14 0.0725911 0.353222 -2.36594 1.93298 -2.34115 -1.97996 -5.05041 6.92535 -31.8495 0.334106 0.5 
data/to-extract/beyonce.wav 201.075 0.186119 0.783616 0.00175483 -216.619 29.8067 -3.87883 4.08531 0.361315 1.20584 -2.94344 2.78421 1.84024 0.543068 -3.14859e-14 -0.543068 -1.84024 -2.78421 2.94344 -1.20584 -0.361315 -4.08531 3.87883 -29.8067 0.405762 0.5 
data/to-extract/beyonce.wav 202.39 0.177612 0.735502 0.00185799 -215.655 30.8299 -4.86754 5.07953 0.574226 2.88422 -0.951985 1.7939 -0.315965 0.30058 -3.05542e-14 -0.30058 0.315965 -1.7939 0.951985 -2.88422 -0.574226 -5.07953 4.86754 -30.8299 0.372925 0.5 
data/to-extract/beyonce.wav 203.704 0.182141 0.850161 0.00184683 -212.749 30.7715 -3.3465 2.14468 -3.28363 0.372691 -3.07186 0.962721 -0.938801 -0.368138 -3.30093e-14 0.368138 0.938801 -0.962721 3.07186 -0.372691 3.28363 -2.14468 3.3465 -30.7715 0.404541 0.5 
data/to-extract/beyonce.wav 205.018 0.326945 0.775354 0.000564344 -277.387 18.0465 -1.66649 -1.30102 -3.54206 -2.35236 -2.65268 1.0702 0.226604 -0.91289 -4.46913e-14 0.91289 -0.226604 -1.0702 2.65268 2.35236 3.54206 1.30102 1.66649 -18.0465 0.17334 0.5 
data/to-extract/silence.wav 0 0.297655 0.921929 9.64292e-06 -314.68 0.435703 -1.19482 0.19324 1.46321 0.537475 -0.551738 -0.310129 0.462716 0.659536 -5.05829e-14 -0.659536 -0.462716 0.310129 0.551738 -0.537475 -1.46321 -0.19324 1.19482 -0.435703 0.557007 0.5 
data/to-extract/silence.wav 1.20744 0.312055 0.9145 7.11388e-06 -315.053 0.773926 -0.337341 -0.217323 0.437218 0.820927 0.766213 0.202095 -0.354935 -0.341843 -5.18279e-14 0.341843 0.354935 -0.202095 -0.766213 -0.820927 -0.437218 0.217323 0.337341 -0.773926 0.646484 0.5 
data/to-extract/silence.wav 2.41488 0.324862 0.634177 5.83398e-06 -315.545 0.39995 0.145937 0.695766 0.548032 0.0690667 0.275786 0.397404 0.0930028 -0.0251567 -5.13603e-14 0.0251567 -0.0930028 -0.397404 -0.275786 -0.0690667 -0.548032 -0.695766 -0.145937 -0.39995 0.651489 0.5 
data/to-extract/silence.wav 3.62231 0.296555 0.797718 7.00568e-06 -315.111 0.764141 0.15484 0.561692 0.366186 -0.0541877 0.21835 0.265649 -0.098779 -0.146041 -5.13303e-14 0.146041 0.098779 -0.265649 -0.21835 0.0541877 -0.366186 -0.561692 -0.15484 -0.764141 0.603638 0.5 
data/to-extract/silence.wav 4.82975 0.269941 0.87704 8.72202e-06 -314.643 0.743598 -0.725653 0.169504 0.99158 0.539503 0.1886 0.170091 0.107777 0.105163 -5.09372e-14 -0.105163 -0.107777 -0.170091 -0.1886 -0.539503 -0.99158 -0.169504 0.725653 -0.743598 0.555176 0.5 
data/to-extract/silence.wav 6.03719 0.281393 0.663768 8.05704e-06 -314.909 1.35294 1.0097 1.25318 0.925571 0.36662 0.398584 0.399306 0.108298 0.00368271 -5.14888e-14 -0.00368271 -0.108298 -0.399306 -0.398584 -0.36662 -0.925571 -1.25318 -1.0097 -1.35294 0.630859 0.5 
data/to-extract/silence.wav 7.24463 0.319444 0.585517 6.02536e-06 -315.481 0.571313 0.340363 0.713943 0.573504 0.243592 0.304204 0.300102 0.124339 0.0535443 -5.15695e-14 -0.0535443 -0.124339 -0.300102 -0.304204 -0.243592 -0.573504 -0.713943 -0.340363 -0.571313 0.633301 0.5 
data/to-extract/silence.wav 8.45206 0.296321 0.931153 1.17911e-05 -314.169 0.519383 -1.69815 0.349789 2.01739 0.341337 -1.03152 -0.189055 0.632359 0.417909 -5.00189e-14 -0.417909 -0.632359 0.189055 1.03152 -0.341337 -2.01739 -0.349789 1.69815 -0.519383 0.560059 0.5 
data/to-extract/silence.wav 9.6595 0.308114 0.711963 6.44869e-06 -315.406 0.376648 -0.0508007 0.67733 0.577357 -0.0570854 0.110159 0.298599 0.0530009 -0.0320996 -5.11643e-14 0.0320996 -0.0530009 -0.298599 -0.110159 0.0570854 -0.577357 -0.67733 0.0508007 -0.376648 0.627686 0.5 
data/to-extract/silence.wav 10.8669 0.278558 0.978349 9.09194e-06 -314.706 0.609951 -0.59463 0.535409 0.907171 0.31742 0.473027 0.404365 -0.123242 -0.126742 -5.06732e-14 0.126742 0.123242 -0.404365 -0.473027 -0.31742 -0.907171 -0.535409 0.59463 -0.609951 0.582764 0.5 
data/to-extract/silence.wav 12.0744 0.400348 0.623411 3.68853e-06 -315.695 0.307796 0.0760076 0.458522 0.330461 0.00711812 0.201156 0.261126 0.0202916 -0.0263564 -5.15271e-14 0.0263564 -0.0202916 -0.261126 -0.201156 -0.00711812 -0.330461 -0.458522 -0.0760076 -0.307796 0.307495 0.5 
