data/to-extract/iggy.wav 0 0.0472934 0.661793 0.00198299 -259.547 43.5655 11.644 4.34781 0.987946 2.78766 2.43595 2.33477 1.48474 0.999411 -4.35779e-14 -0.999411 -1.48474 -2.33477 -2.43595 -2.78766 -0.987946 -4.34781 -11.644 -43.5655 0.0932617 0.5 
data/to-extract/iggy.wav 0.707642 0.0262594 0.51725 0.0017415 -272.398 43.9517 15.248 4.68488 5.11397 4.48826 3.11504 2.5345 2.22103 1.46968 -4.58493e-14 -1.46968 -2.22103 -2.5345 -3.11504 -4.48826 -5.11397 -4.68488 -15.248 -43.9517 0.0444336 0.5 
data/to-extract/iggy.wav 1.41531 0.0647034 0.718744 8.28053e-05 -297.775 21.0461 10.0191 0.624589 -3.17747 -2.33951 0.179972 2.03904 2.43326 1.57416 -5.11676e-14 -1.57416 -2.43326 -2.03904 -0.179972 2.33951 3.17747 -0.624589 -10.0191 -21.0461 0.0878906 0.5 
data/to-extract/iggy.wav 2.12295 0.022469 0.780212 0.00279315 -264.347 51.8285 17.4065 4.24047 4.39841 4.1122 2.77082 1.72579 1.46651 1.34242 -4.5015e-14 -1.34242 -1.46651 -1.72579 -2.77082 -4.1122 -4.39841 -4.24047 -17.4065 -51.8285 0.0361328 0.5 
data/to-extract/iggy.wav 2.83061 0.0365916 0.514748 0.00145373 -275.941 40.9489 15.2077 4.90651 4.60883 4.40347 3.40058 2.54575 1.82899 0.951942 -4.71142e-14 -0.951942 -1.82899 -2.54575 -3.40058 -4.40347 -4.60883 -4.90651 -15.2077 -40.9489 0.0749512 0.5 
data/to-extract/iggy.wav 3.53828 0.0577403 0.825354 0.00152445 -262.894 41.9443 11.4229 5.40275 2.71933 2.59466 2.15085 1.38804 0.674645 0.250846 -4.30505e-14 -0.250846 -0.674645 -1.38804 -2.15085 -2.59466 -2.71933 -5.40275 -11.4229 -41.9443 0.105469 0.5 
data/to-extract/iggy.wav 4.24592 0.0612164 0.42479 0.000210661 -295.149 23.5873 12.2811 5.25397 2.98682 2.74775 2.47793 1.71994 1.06603 0.521676 -5.08371e-14 -0.521676 -1.06603 -1.71994 -2.47793 -2.74775 -2.98682 -5.25397 -12.2811 -23.5873 0.120483 0.5 
data/to-extract/iggy.wav 4.95358 0.0570177 0.866337 0.00258432 -246.82 45.5771 5.8118 8.23085 3.75264 3.84594 1.89869 1.12152 0.64407 0.441376 -3.70739e-14 -0.441376 -0.64407 -1.12152 -1.89869 -3.84594 -3.75264 -8.23085 -5.8118 -45.5771 0.120483 0.5 
data/to-extract/iggy.wav 5.66122 0.0682629 0.7931 0.00221861 -248.338 40.1117 6.58054 9.29762 2.21263 3.70368 1.86078 1.14897 0.396103 0.370005 -3.92545e-14 -0.370005 -0.396103 -1.14897 -1.86078 -3.70368 -2.21263 -9.29762 -6.58054 -40.1117 0.144531 0.5 
data/to-extract/iggy.wav 6.36889 0.0231214 0.440248 0.000966577 -285.583 34.3605 17.518 7.50836 5.43205 5.10057 4.18682 3.21026 2.13662 0.968774 -5.01406e-14 -0.968774 -2.13662 -3.21026 -4.18682 -5.10057 -5.43205 -7.50836 -17.518 -34.3605 0.0366211 0.5 
data/to-extract/iggy.wav 7.07655 0.0764517 0.689369 0.00102485 -282.102 22.4769 5.05468 5.4311 1.90596 1.35159 1.18091 1.54496 1.32553 0.55227 -4.49515e-14 -0.55227 -1.32553 -1.54496 -1.18091 -1.35159 -1.90596 -5.4311 -5.05468 -22.4769 0.111572 0.5 
data/to-extract/iggy.wav 7.7842 0.0309659 0.721991 0.00207096 -269.708 47.0084 17.2033 4.33761 4.21255 4.52612 2.58682 2.60519 2.1029 0.815309 -4.75637e-14 -0.815309 -2.1029 -2.60519 -2.58682 -4.52612 -4.21255 -4.33761 -17.2033 -47.0084 0.0531006 0.5 
data/to-extract/iggy.wav 8.49186 0.244273 0.905647 0.00199409 -229.354 22.3136 7.55847 9.36 -1.52145 5.37657 -1.36606 4.57892 -1.96428 -0.80417 -4.38278e-14 0.80417 1.96428 -4.57892 1.36606 -5.37657 1.52145 -9.36 -7.55847 -22.3136 0.413208 0.5 
data/to-extract/iggy.wav 9.19952 0.218972 0.999793 0.00215929 -221.136 25.4193 5.79442 8.69552 -4.35188 2.98886 -0.812896 6.04666 -2.20394 -0.629845 -3.99175e-14 0.629845 2.20394 -6.04666 0.812896 -2.98886 4.35188 -8.69552 -5.79442 -25.4193 0.395142 0.5 
data/to-extract/iggy.wav 9.90717 0.203549 1.1603 0.00163726 -230.944 29.3746 4.85612 8.33053 -5.13314 1.7582 -3.47606 3.06247 -3.40686 -2.62581 -4.28272e-14 2.62581 3.40686 -3.06247 3.47606 -1.7582 5.13314 -8.33053 -4.85612 -29.3746 0.38855 0.5 
data/to-extract/iggy.wav 10.6148 0.179907 0.943155 0.0025975 -211.496 30.9401 -2.62583 6.75212 -2.88855 3.07293 -3.5291 1.75889 -2.6424 -1.52775 -3.51595e-14 1.52775 2.6424 -1.75889 3.5291 -3.07293 2.88855 -6.75212 2.62583 -30.9401 0.36377 0.5 
data/to-extract/iggy.wav 11.3225 0.169045 0.892725 0.00297249 -218.107 30.9636 4.26563 11.5315 1.22883 7.05263 -1.18296 3.17219 -0.671416 -0.264828 -3.90387e-14 0.264828 0.671416 -3.17219 1.18296 -7.05263 -1.22883 -11.5315 -4.26563 -30.9636 0.344238 0.5 
data/to-extract/iggy.wav 12.0301 0.127871 0.952088 0.00170904 -230.019 42.2375 2.00577 3.37294 -3.42358 -2.67158 -7.67344 4.5091 0.91323 0.486257 -3.55095e-14 -0.486257 -0.91323 -4.5091 7.67344 2.67158 3.42358 -3.37294 -2.00577 -42.2375 0.301392 0.5 
data/to-extract/iggy.wav 12.7378 0.153066 1.10127 0.00267213 -215.583 36.8596 -7.4376 10.7587 2.9016 4.14849 -2.38231 3.09072 -2.7521 -2.51819 -2.83959e-14 2.51819 2.7521 -3.09072 2.38231 -4.14849 -2.9016 -10.7587 7.4376 -36.8596 0.310059 0.5 
data/to-extract/iggy.wav 13.4454 0.144456 0.90175 0.00209784 -221.632 34.803 -9.30321 7.21479 4.70611 6.43901 -0.0846213 0.455706 -2.11302 -0.774021 -2.88008e-14 0.774021 2.11302 -0.455706 0.0846213 -6.43901 -4.70611 -7.21479 9.30321 -34.803 0.29248 0.5 
data/to-extract/iggy.wav 14.1531 0.187321 0.945397 0.00191607 -232.497 31.3575 3.4017 8.9908 4.81179 5.1412 -0.560912 2.46279 -3.36239 -1.01087 -3.5429e-14 1.01087 3.36239 -2.46279 0.560912 -5.1412 -4.81179 -8.9908 -3.4017 -31.3575 0.334961 0.5 
data/to-extract/iggy.wav 14.8608 0.0908363 0.973416 0.00181014 -240.596 41.498 0.719042 8.76369 4.66006 0.540746 -0.315253 4.79695 -1.98946 -2.39287 -3.02746e-14 2.39287 1.98946 -4.79695 0.315253 -0.540746 -4.66006 -8.76369 -0.719042 -41.498 0.184204 0.5 
data/to-extract/iggy.wav 15.5684 0.207295 1.17315 0.00236044 -224.845 29.4264 0.218725 4.65758 2.43678 6.14469 -3.06442 3.08809 -1.98699 -1.30345 -3.81635e-14 1.30345 1.98699 -3.08809 3.06442 -6.14469 -2.43678 -4.65758 -0.218725 -29.4264 0.324341 0.5 
data/to-extract/iggy.wav 16.2761 0.172232 1.02661 0.0018086 -225.028 28.9403 -11.0209 8.97504 6.96565 6.60681 -4.83987 0.0467058 -2.30182 -1.87379 -3.04219e-14 1.87379 2.30182 -0.0467058 4.83987 -6.60681 -6.96565 -8.97504 11.0209 -28.9403 0.318848 0.5 
data/to-extract/iggy.wav 16.9837 0.11436 0.902471 0.00240063 -234.58 36.2266 5.52855 11.7023 4.87382 3.95763 -2.39831 2.76922 -1.64856 0.266934 -3.53153e-14 -0.266934 1.64856 -2.76922 2.39831 -3.95763 -4.87382 -11.7023 -5.52855 -36.2266 0.285889 0.5 
data/to-extract/iggy.wav 17.6914 0.331331 1.08149 0.00129705 -225.987 13.1448 7.14884 7.11018 -2.30251 7.70099 -3.58158 -0.0618848 -3.89184 -1.85805 -4.97081e-14 1.85805 3.89184 0.0618848 3.58158 -7.70099 2.30251 -7.11018 -7.14884 -13.1448 0.536255 0.5 
data/to-extract/iggy.wav 18.399 0.15051 0.93871 0.00297794 -211.361 35.7475 -3.92799 5.49691 2.55876 6.32314 -1.87874 0.493779 -1.28712 0.472093 -3.20052e-14 -0.472093 1.28712 -0.493779 1.87874 -6.32314 -2.55876 -5.49691 3.92799 -35.7475 0.317871 0.5 
data/to-extract/iggy.wav 19.1067 0.171044 0.907585 0.00251967 -211.942 31.7329 -3.70851 7.65993 1.88805 5.97805 -1.07818 2.18688 -1.29936 0.302881 -3.18647e-14 -0.302881 1.29936 -2.18688 1.07818 -5.97805 -1.88805 -7.65993 3.70851 -31.7329 0.341553 0.5 
data/to-extract/iggy.wav 19.8144 0.128174 1.02483 0.00230931 -226.395 35.5597 -4.41385 6.92596 5.09462 5.2913 -4.23959 -0.740468 -2.1464 -1.56396 -3.35225e-14 1.56396 2.1464 0.740468 4.23959 -5.2913 -5.09462 -6.92596 4.41385 -35.5597 0.254761 0.5 
data/to-extract/iggy.wav 20.522 0.20941 1.04119 0.0015702 -224.215 22.3283 -7.46151 9.14577 4.45004 7.58295 -2.70361 0.430819 -2.0517 0.32725 -3.33532e-14 -0.32725 2.0517 -0.430819 2.70361 -7.58295 -4.45004 -9.14577 7.46151 -22.3283 0.387817 0.5 
data/to-extract/iggy.wav 21.2297 0.169135 1.00204 0.0030594 -211.155 35.2862 -1.36916 0.419311 2.72552 6.49982 -2.24341 4.75783 0.0724363 -0.479682 -3.46745e-14 0.479682 -0.0724363 -4.75783 2.24341 -6.49982 -2.72552 -0.419311 1.36916 -35.2862 0.302246 0.5 
data/to-extract/iggy.wav 21.9373 0.115775 0.988109 0.00175828 -239.27 38.3825 2.3911 10.2256 2.88508 0.771625 -2.67324 3.75631 -1.60508 -1.55405 -3.37182e-14 1.55405 1.60508 -3.75631 2.67324 -0.771625 -2.88508 -10.2256 -2.3911 -38.3825 0.243652 0.5 
data/to-extract/iggy.wav 22.645 0.149322 0.918377 0.00237167 -221.711 35.7998 -1.56481 10.632 2.3662 3.93938 -1.83948 1.67388 -2.05165 -1.75929 -3.286e-14 1.75929 2.05165 -1.67388 1.83948 -3.93938 -2.3662 -10.632 1.56481 -35.7998 0.30603 0.5 
data/to-extract/iggy.wav 23.3526 0.153169 1.23618 0.0014467 -230.204 34.3166 -8.04484 5.85303 4.55409 5.28204 -4.9793 -1.43222 -3.93829 -2.6077 -3.32741e-14 2.6077 3.93829 1.43222 4.9793 -5.28204 -4.55409 -5.85303 8.04484 -34.3166 0.270996 0.5 
data/to-extract/iggy.wav 24.0603 0.119286 0.802879 0.00327495 -215.254 38.9539 -2.16035 9.0083 2.84562 5.3026 -2.58154 3.23513 -0.411174 -0.139091 -3.19366e-14 0.139091 0.411174 -3.23513 2.58154 -5.3026 -2.84562 -9.0083 2.16035 -38.9539 0.264404 0.5 
data/to-extract/iggy.wav 24.7679 0.137537 0.895124 0.00264724 -217.076 37.5839 -7.67269 6.06048 3.75045 2.52827 -6.36972 0.682947 0.0913172 0.173349 -2.85725e-14 -0.173349 -0.0913172 -0.682947 6.36972 -2.52827 -3.75045 -6.06048 7.67269 -37.5839 0.262085 0.5 
data/to-extract/iggy.wav 25.4756 0.146897 0.889475 0.00222051 -237.052 33.0019 8.02675 9.90811 3.15581 4.76879 -1.44447 2.97969 -0.151496 -0.33076 -4.07118e-14 0.33076 0.151496 -2.97969 1.44447 -4.76879 -3.15581 -9.90811 -8.02675 -33.0019 0.275391 0.5 
data/to-extract/iggy.wav 26.1832 0.160819 1.07286 0.00111423 -240.541 32.7585 6.14303 6.084 -0.277441 2.30576 -1.71662 0.888818 -1.26886 -0.911152 -4.137e-14 0.911152 1.26886 -0.888818 1.71662 -2.30576 0.277441 -6.084 -6.14303 -32.7585 0.321167 0.5 
data/to-extract/iggy.wav 26.8909 0.166309 0.993931 0.00290674 -221.356 33.6163 2.22514 10.4376 3.96584 4.21029 -2.45299 2.50146 0.643204 2.03459 -3.27447e-14 -2.03459 -0.643204 -2.50146 2.45299 -4.21029 -3.96584 -10.4376 -2.22514 -33.6163 0.306763 0.5 
data/to-extract/iggy.wav 27.5986 0.135027 1.07427 0.00206157 -224.405 37.8288 -5.27675 7.1291 2.55545 0.284102 -3.72202 3.59832 -2.00401 -2.32815 -2.82309e-14 2.32815 2.00401 -3.59832 3.72202 -0.284102 -2.55545 -7.1291 5.27675 -37.8288 0.256714 0.5 
data/to-extract/iggy.wav 28.3062 0.216431 0.880085 0.00179279 -236.92 24.2389 9.05163 7.24889 4.66561 8.97246 -3.28593 0.161415 0.5463 0.395804 -4.75018e-14 -0.395804 -0.5463 -0.161415 3.28593 -8.97246 -4.66561 -7.24889 -9.05163 -24.2389 0.40918 0.5 
data/to-extract/iggy.wav 29.0139 0.220415 1.17722 0.00128204 -229.671 30.4115 1.81658 -0.92383 -4.38131 2.05671 -2.17546 3.01765 -1.81561 -1.88925 -4.15121e-14 1.88925 1.81561 -3.01765 2.17546 -2.05671 4.38131 0.92383 -1.81658 -30.4115 0.402954 0.5 
data/to-extract/iggy.wav 29.7215 0.184043 0.923239 0.00311052 -208.337 31.0552 -5.41939 9.20484 1.35837 5.7658 -2.78737 1.92146 -0.792543 -0.625711 -3.22579e-14 0.625711 0.792543 -1.92146 2.78737 -5.7658 -1.35837 -9.20484 5.41939 -31.0552 0.310913 0.5 
data/to-extract/iggy.wav 30.4292 0.199036 0.886207 0.00295128 -198.24 26.8899 -8.31876 9.27138 -0.173162 3.86342 -3.67186 1.46464 -0.8758 0.863167 -2.79783e-14 -0.863167 0.8758 -1.46464 3.67186 -3.86342 0.173162 -9.27138 8.31876 -26.8899 0.374512 0.5 
data/to-extract/iggy.wav 31.1368 0.240904 0.929999 0.00168525 -215.36 19.8593 -2.77382 9.86168 0.895625 4.06844 -2.69777 1.74217 -1.31675 0.283193 -3.36959e-14 -0.283193 1.31675 -1.74217 2.69777 -4.06844 -0.895625 -9.86168 2.77382 -19.8593 0.424194 0.5 
data/to-extract/iggy.wav 31.8445 0.220183 0.962645 0.00242155 -210.078 25.6788 -2.93885 8.79528 -1.93187 4.26336 -0.813769 1.55465 0.353332 1.14491 -3.39581e-14 -1.14491 -0.353332 -1.55465 0.813769 -4.26336 1.93187 -8.79528 2.93885 -25.6788 0.398071 0.5 
data/to-extract/iggy.wav 32.5522 0.134541 0.953737 0.00266811 -221.186 40.7608 -2.38852 7.0365 2.53728 3.07405 -1.92125 1.35845 0.0733458 0.712968 -3.04506e-14 -0.712968 -0.0733458 -1.35845 1.92125 -3.07405 -2.53728 -7.0365 2.38852 -40.7608 0.265991 0.5 
data/to-extract/iggy.wav 33.2598 0.18322 0.937606 0.00211375 -217.918 31.6787 -4.39322 3.53382 -1.20646 2.71342 -1.27269 2.79218 -0.93602 -0.515259 -3.26842e-14 0.515259 0.93602 -2.79218 1.27269 -2.71342 1.20646 -3.53382 4.39322 -31.6787 0.329224 0.5 
data/to-extract/iggy.wav 33.9675 0.113672 0.872984 0.00214462 -226.371 39.1859 -6.81159 7.80985 4.35846 3.78903 -1.6394 2.19404 -1.56727 -0.231249 -2.78415e-14 0.231249 1.56727 -2.19404 1.6394 -3.78903 -4.35846 -7.80985 6.81159 -39.1859 0.217041 0.5 
data/to-extract/iggy.wav 34.6751 0.15572 0.906485 0.00208734 -219.897 33.9244 -7.86212 3.18759 -0.443166 2.78251 -2.0891 2.33759 0.721235 0.854052 -3.06781e-14 -0.854052 -0.721235 -2.33759 2.0891 -2.78251 0.443166 -3.18759 7.86212 -33.9244 0.302856 0.5 
data/to-extract/iggy.wav 35.3828 0.141714 0.808426 0.00264709 -209.51 37.2477 -10.2789 4.95774 1.22347 2.60327 -3.92443 1.20139 -1.45923 -0.528903 -2.65873e-14 0.528903 1.45923 -1.20139 3.92443 -2.60327 -1.22347 -4.95774 10.2789 -37.2477 0.253906 0.5 
data/to-extract/iggy.wav 36.0904 0.164575 0.886676 0.00328602 -200.104 32.2064 -5.10857 9.20987 0.211336 4.62988 -3.34277 1.91732 -1.53363 0.32325 -2.97158e-14 -0.32325 1.53363 -1.91732 3.34277 -4.62988 -0.211336 -9.20987 5.10857 -32.2064 0.345703 0.5 
data/to-extract/iggy.wav 36.7981 0.174849 1.07014 0.00216126 -211.211 33.2555 -10.2497 4.59277 4.32815 4.58966 -6.26528 0.224994 -1.69905 -2.39525 -2.98527e-14 2.39525 1.69905 -0.224994 6.26528 -4.58966 -4.32815 -4.59277 10.2497 -33.2555 0.326416 0.5 
data/to-extract/iggy.wav 37.5057 0.218476 0.959589 0.00314533 -202.307 25.1749 -3.2588 5.68177 -2.4585 3.44577 -2.78531 1.1633 -0.0544142 0.524608 -3.38149e-14 -0.524608 0.0544142 -1.1633 2.78531 -3.44577 2.4585 -5.68177 3.2588 -25.1749 0.406128 0.5 
data/to-extract/iggy.wav 38.2134 0.0946283 0.79715 0.00184837 -238.326 43.0245 -3.47261 4.23294 3.07256 2.83547 -1.21634 0.678998 0.529572 -0.337197 -3.30279e-14 0.337197 -0.529572 -0.678998 1.21634 -2.83547 -3.07256 -4.23294 3.47261 -43.0245 0.179199 0.5 
data/to-extract/iggy.wav 38.9211 0.197191 0.939111 0.00228399 -218.734 28.8337 -1.07308 4.33015 0.281433 5.51358 -1.81042 1.24234 0.102455 0.380002 -3.72708e-14 -0.380002 -0.102455 -1.24234 1.81042 -5.51358 -0.281433 -4.33015 1.07308 -28.8337 0.341187 0.5 
data/to-extract/iggy.wav 39.6287 0.150833 0.985643 0.00207917 -226.098 33.2591 -1.14454 9.98598 1.47733 5.60573 -3.56449 0.954282 -1.19656 -1.85339 -3.82412e-14 1.85339 1.19656 -0.954282 3.56449 -5.60573 -1.47733 -9.98598 1.14454 -33.2591 0.279053 0.5 
data/to-extract/iggy.wav 40.3364 0.203554 1.06043 0.00228314 -221.935 31.4573 -3.36798 2.19723 1.60465 3.99606 -3.79513 2.93746 0.342633 0.724493 -3.41663e-14 -0.724493 -0.342633 -2.93746 3.79513 -3.99606 -1.60465 -2.19723 3.36798 -31.4573 0.335083 0.5 
data/to-extract/iggy.wav 41.044 0.145899 0.658054 0.00394102 -220.699 34.6549 -2.05015 11.714 -3.87607 4.30089 4.38146 8.2609 0.703485 0.266181 -3.28694e-14 -0.266181 -0.703485 -8.2609 -4.38146 -4.30089 3.87607 -11.714 2.05015 -34.6549 0.284302 0.5 
data/to-extract/iggy.wav 41.7517 0.107289 0.711986 0.00296056 -220.415 40.4341 -7.11181 10.4139 0.176495 5.88915 1.15391 3.91106 0.395613 -0.889485 -3.15059e-14 0.889485 -0.395613 -3.91106 -1.15391 -5.88915 -0.176495 -10.4139 7.11181 -40.4341 0.223145 0.5 
data/to-extract/iggy.wav 42.4593 0.215234 0.96745 0.00154181 -218.582 26.3747 -6.39878 9.30872 -3.33363 5.27724 -3.02966 0.0161685 -2.41894 -2.35917 -3.82192e-14 2.35917 2.41894 -0.0161685 3.02966 -5.27724 3.33363 -9.30872 6.39878 -26.3747 0.38208 0.5 
data/to-extract/iggy.wav 43.167 0.112177 0.82861 0.00280091 -227.876 40.0251 -9.11674 7.41201 0.878335 3.92329 2.31851 1.28971 -0.255009 -0.0333369 -2.85731e-14 0.0333369 0.255009 -1.28971 -2.31851 -3.92329 -0.878335 -7.41201 9.11674 -40.0251 0.227783 0.5 
data/to-extract/iggy.wav 43.8746 0.178731 0.977644 0.00269586 -207.343 30.8279 -11.2132 9.91332 -3.81141 4.6118 -0.682474 2.74288 -2.25182 0.0689709 -2.91099e-14 -0.0689709 2.25182 -2.74288 0.682474 -4.6118 3.81141 -9.91332 11.2132 -30.8279 0.345825 0.5 
data/to-extract/iggy.wav 44.5823 0.151965 1.06323 0.00264155 -212.55 35.7116 -14.7047 6.28484 -0.29725 6.28831 -2.97202 0.134448 -0.868679 0.488248 -2.92128e-14 -0.488248 0.868679 -0.134448 2.97202 -6.28831 0.29725 -6.28484 14.7047 -35.7116 0.297729 0.5 
data/to-extract/iggy.wav 45.29 0.164481 1.10527 0.00259465 -210.74 33.6463 -13.9859 2.82961 -8.28377 1.39606 -3.1195 1.65013 -2.32869 -1.36516 -3.12945e-14 1.36516 2.32869 -1.65013 3.1195 -1.39606 8.28377 -2.82961 13.9859 -33.6463 0.311646 0.5 
data/to-extract/iggy.wav 45.9976 0.111702 0.951354 0.00276322 -227.22 40.6829 -8.87299 6.08949 -0.00407189 3.29787 1.19281 3.07671 0.264113 -0.0234835 -2.9021e-14 0.0234835 -0.264113 -3.07671 -1.19281 -3.29787 0.00407189 -6.08949 8.87299 -40.6829 0.207764 0.5 
data/to-extract/iggy.wav 46.7053 0.149496 0.999665 0.0018228 -223.886 34.8252 -9.47992 6.10835 -6.71187 2.45583 -0.154873 3.60093 -2.08535 -1.57685 -3.36305e-14 1.57685 2.08535 -3.60093 0.154873 -2.45583 6.71187 -6.10835 9.47992 -34.8252 0.31543 0.5 
data/to-extract/iggy.wav 47.4129 0.183507 0.798549 0.00227692 -218.115 30.887 -4.94143 12.2034 -3.8706 5.98886 -1.05093 2.89229 -0.0840841 0.0228732 -3.68466e-14 -0.0228732 0.0840841 -2.89229 1.05093 -5.98886 3.8706 -12.2034 4.94143 -30.887 0.332397 0.5 
data/to-extract/iggy.wav 48.1206 0.191087 0.99609 0.00144681 -220.834 27.9332 -12.7144 8.01958 -0.922594 5.51747 -1.63942 0.872797 -1.58606 -1.60705 -3.24789e-14 1.60705 1.58606 -0.872797 1.63942 -5.51747 0.922594 -8.01958 12.7144 -27.9332 0.340698 0.5 
data/to-extract/iggy.wav 48.8282 0.106182 0.792734 0.00313434 -226.801 43.2631 -0.0763135 10.5243 2.0645 3.50422 0.983031 1.64688 1.03059 0.0144041 -3.23036e-14 -0.0144041 -1.03059 -1.64688 -0.983031 -3.50422 -2.0645 -10.5243 0.0763135 -43.2631 0.26123 0.5 
data/to-extract/iggy.wav 49.5359 0.157593 1.02473 0.00282301 -208.356 34.98 -7.18398 6.9773 -3.71778 2.81355 -1.59562 2.07192 -1.04289 -2.15061 -3.23353e-14 2.15061 1.04289 -2.07192 1.59562 -2.81355 3.71778 -6.9773 7.18398 -34.98 0.316284 0.5 
data/to-extract/iggy.wav 50.2435 0.159508 0.92916 0.00271003 -209.469 34.5284 -6.97956 9.48835 -2.47864 5.69462 -2.96751 1.3018 -1.9282 -1.91662 -3.46909e-14 1.91662 1.9282 -1.3018 2.96751 -5.69462 2.47864 -9.48835 6.97956 -34.5284 0.337402 0.5 
data/to-extract/iggy.wav 50.9512 0.182189 1.06099 0.00219216 -212.469 27.0206 -17.6364 5.16728 -2.19615 5.38892 -2.96113 1.25118 -1.89941 -0.966208 -2.96174e-14 0.966208 1.89941 -1.25118 2.96113 -5.38892 2.19615 -5.16728 17.6364 -27.0206 0.334717 0.5 
data/to-extract/iggy.wav 51.6589 0.0864646 0.801947 0.00387209 -229.572 44.6687 -1.6816 9.39809 -0.292231 4.22042 5.29627 4.31616 0.606464 0.370448 -3.12334e-14 -0.370448 -0.606464 -4.31616 -5.29627 -4.22042 0.292231 -9.39809 1.6816 -44.6687 0.179932 0.5 
data/to-extract/iggy.wav 52.3665 0.167652 0.75256 0.00334163 -206.581 31.8188 -9.13492 8.70527 -0.360035 6.53494 -1.34205 2.10212 0.0277697 -0.152595 -3.14255e-14 0.152595 -0.0277697 -2.10212 1.34205 -6.53494 0.360035 -8.70527 9.13492 -31.8188 0.337402 0.5 
data/to-extract/iggy.wav 53.0742 0.154704 0.927827 0.00275878 -211.948 35.7809 -13.313 3.72005 -4.71893 7.58807 2.15737 3.60381 -0.452165 -0.907316 -3.30495e-14 0.907316 0.452165 -3.60381 -2.15737 -7.58807 4.71893 -3.72005 13.313 -35.7809 0.264526 0.5 
data/to-extract/iggy.wav 53.7818 0.161526 0.910144 0.00207713 -216.113 32.6988 -11.7085 -2.1577 -10.5075 -0.508332 -3.58897 0.737374 0.384679 0.84693 -3.40733e-14 -0.84693 -0.384679 -0.737374 3.58897 0.508332 10.5075 2.1577 11.7085 -32.6988 0.30957 0.5 
data/to-extract/iggy.wav 54.4895 0.126479 0.869485 0.00335955 -207.816 40.2872 -7.98318 9.392 -2.28709 1.95224 -2.20444 1.33914 -0.464369 1.24036 -2.69085e-14 -1.24036 0.464369 -1.33914 2.20444 -1.95224 2.28709 -9.392 7.98318 -40.2872 0.25354 0.5 
data/to-extract/iggy.wav 55.1971 0.20214 0.870313 0.00290429 -200.494 26.7189 -8.20431 8.38546 -1.54922 7.40143 -0.842459 0.171131 -1.91338 -0.947723 -3.33497e-14 0.947723 1.91338 -0.171131 0.842459 -7.40143 1.54922 -8.38546 8.20431 -26.7189 0.393188 0.5 
data/to-extract/iggy.wav 55.9048 0.198648 0.893968 0.00280228 -205.995 30.5932 -8.56005 7.59474 -3.76961 1.98574 -1.95951 1.43142 -0.208148 -0.994433 -3.06797e-14 0.994433 0.208148 -1.43142 1.95951 -1.98574 3.76961 -7.59474 8.56005 -30.5932 0.345947 0.5 
data/to-extract/iggy.wav 56.6124 0.154518 0.964083 0.00246187 -214.717 32.8224 -12.1328 2.26731 -5.38358 2.44864 -1.73444 1.39599 -0.670372 -1.73227 -3.26133e-14 1.73227 0.670372 -1.39599 1.73444 -2.44864 5.38358 -2.26731 12.1328 -32.8224 0.297241 0.5 
data/to-extract/iggy.wav 57.3201 0.120647 0.859348 0.00278765 -214.098 41.07 -11.8306 8.14588 -1.0733 2.23598 -0.033511 3.706 -0.336295 -0.314554 -2.49087e-14 0.314554 0.336295 -3.706 0.033511 -2.23598 1.0733 -8.14588 11.8306 -41.07 0.217773 0.5 
data/to-extract/iggy.wav 58.0278 0.136467 0.914419 0.00300042 -210.484 37.914 -10.7988 6.23425 -4.20585 2.721 -0.566989 3.82784 -1.06519 -1.59824 -2.93299e-14 1.59824 1.06519 -3.82784 0.566989 -2.721 4.20585 -6.23425 10.7988 -37.914 0.262573 0.5 
data/to-extract/iggy.wav 58.7354 0.137698 0.753956 0.0016619 -222.746 37.0073 -10.2413 8.59516 -1.08699 3.47225 -2.65776 1.94953 -0.837825 -1.66658 -3.14843e-14 1.66658 0.837825 -1.94953 2.65776 -3.47225 1.08699 -8.59516 10.2413 -37.0073 0.24707 0.5 
data/to-extract/iggy.wav 59.4431 0.207042 1.01507 0.00221494 -212.278 23.551 -9.50682 4.49692 -7.12136 4.23328 -2.35563 1.33104 -0.542866 -0.591915 -3.72586e-14 0.591915 0.542866 -1.33104 2.35563 -4.23328 7.12136 -4.49692 9.50682 -23.551 0.373413 0.5 
data/to-extract/iggy.wav 60.1507 0.134975 0.930027 0.00279629 -208.367 39.2387 -10.952 5.25352 -4.6807 2.42497 -2.24392 1.72474 -1.6794 -2.21807 -3.0427e-14 2.21807 1.6794 -1.72474 2.24392 -2.42497 4.6807 -5.25352 10.952 -39.2387 0.265015 0.5 
data/to-extract/iggy.wav 60.8584 0.15932 0.912316 0.0031396 -202.494 35.3578 -7.73203 4.55958 -5.35028 2.81984 -1.09197 1.68993 -2.34213 -2.57287 -3.21415e-14 2.57287 2.34213 -1.68993 1.09197 -2.81984 5.35028 -4.55958 7.73203 -35.3578 0.322021 0.5 
data/to-extract/iggy.wav 61.566 0.131319 0.840202 0.00297816 -210.893 39.5412 -4.76529 5.69216 -4.5517 1.33086 -1.80256 2.01986 0.190884 -3.75192 -3.47502e-14 3.75192 -0.190884 -2.01986 1.80256 -1.33086 4.5517 -5.69216 4.76529 -39.5412 0.291382 0.5 
data/to-extract/iggy.wav 62.2737 0.185538 0.937561 0.00330504 -199.604 30.3791 -3.88672 3.74619 -3.65701 4.56534 -3.22981 2.2508 -0.29307 -0.744589 -3.55744e-14 0.744589 0.29307 -2.2508 3.22981 -4.56534 3.65701 -3.74619 3.88672 -30.3791 0.380981 0.5 
data/to-extract/iggy.wav 62.9814 0.0988098 0.631707 0.00468353 -218.226 41.5911 -4.79768 6.48402 5.62947 6.31826 -1.16571 3.33158 0.278246 0.696199 -2.89618e-14 -0.696199 -0.278246 -3.33158 1.16571 -6.31826 -5.62947 -6.48402 4.79768 -41.5911 0.181885 0.5 
data/to-extract/iggy.wav 63.689 0.144495 0.887979 0.00349945 -205.768 35.2459 -3.79922 7.561 0.182531 5.51325 -2.95042 3.21358 -0.704081 0.842625 -3.1694e-14 -0.842625 0.704081 -3.21358 2.95042 -5.51325 -0.182531 -7.561 3.79922 -35.2459 0.293701 0.5 
data/to-extract/iggy.wav 64.3967 0.121077 1.06583 0.00306382 -220.28 41 -5.5023 6.53896 2.40329 3.09046 -4.71205 -0.117186 -2.95038 -1.22106 -3.03689e-14 1.22106 2.95038 0.117186 4.71205 -3.09046 -2.40329 -6.53896 5.5023 -41 0.231812 0.5 
data/to-extract/iggy.wav 65.1043 0.198787 1.03678 0.00256163 -211.77 30.2986 -2.58001 8.11735 -0.505709 4.88438 -2.61521 1.64059 0.013836 0.405499 -3.4732e-14 -0.405499 -0.013836 -1.64059 2.61521 -4.88438 0.505709 -8.11735 2.58001 -30.2986 0.383179 0.5 
data/to-extract/iggy.wav 65.812 0.169451 1.01108 0.00269009 -213.443 31.3607 -2.696 4.74603 3.35496 3.75018 -5.93233 0.454041 -1.93909 -0.549452 -3.26202e-14 0.549452 1.93909 -0.454041 5.93233 -3.75018 -3.35496 -4.74603 2.696 -31.3607 0.332764 0.5 
data/to-extract/iggy.wav 66.5196 0.157165 1.075 0.00247754 -213.669 35.114 -6.84229 6.37178 4.03683 3.2603 -4.38649 -0.237312 -2.19139 0.558926 -2.71036e-14 -0.558926 2.19139 0.237312 4.38649 -3.2603 -4.03683 -6.37178 6.84229 -35.114 0.290039 0.5 
data/to-extract/iggy.wav 67.2273 0.156785 1.07265 0.00375404 -209.543 31.6595 -3.02294 6.84565 -0.109898 4.05196 -0.695819 1.64266 -1.76983 -0.595825 -3.1857e-14 0.595825 1.76983 -1.64266 0.695819 -4.05196 0.109898 -6.84565 3.02294 -31.6595 0.312744 0.5 
data/to-extract/iggy.wav 67.9349 0.119363 0.985512 0.00480085 -215.841 39.5345 1.83551 8.25071 1.93191 6.49169 -0.852173 2.87821 0.0424294 0.167001 -3.55375e-14 -0.167001 -0.0424294 -2.87821 0.852173 -6.49169 -1.93191 -8.25071 -1.83551 -39.5345 0.243164 0.5 
data/to-extract/iggy.wav 68.6426 0.177583 0.675051 0.00439806 -207.45 31.0792 2.37442 6.03441 -0.467535 7.01251 -1.39493 3.66153 -0.152931 0.547829 -3.78766e-14 -0.547829 0.152931 -3.66153 1.39493 -7.01251 0.467535 -6.03441 -2.37442 -31.0792 0.383911 0.5 
data/to-extract/iggy.wav 69.3502 0.109833 0.773327 0.00318364 -227.549 38.8234 -1.35027 7.68244 5.08007 5.82087 -1.24575 2.52015 -0.728463 0.927142 -3.19878e-14 -0.927142 0.728463 -2.52015 1.24575 -5.82087 -5.08007 -7.68244 1.35027 -38.8234 0.237061 0.5 
data/to-extract/iggy.wav 70.0579 0.167595 0.960571 0.00276913 -216.785 31.9828 -5.33861 5.35777 0.817364 4.64713 -3.26589 1.93459 -0.863449 -0.129358 -3.31103e-14 0.129358 0.863449 -1.93459 3.26589 -4.64713 -0.817364 -5.35777 5.33861 -31.9828 0.317505 0.5 
data/to-extract/iggy.wav 70.7656 0.114509 1.01024 0.00363232 -219.06 41.4651 -2.68729 6.71072 4.52073 5.96335 -4.31218 2.57791 -1.22068 -0.739923 -3.27167e-14 0.739923 1.22068 -2.57791 4.31218 -5.96335 -4.52073 -6.71072 2.68729 -41.4651 0.238647 0.5 
data/to-extract/iggy.wav 71.4732 0.190419 1.08542 0.00256324 -209.87 32.855 -4.48257 4.40134 -2.53772 2.70686 -4.67187 1.27817 -1.65054 -0.669541 -3.3813e-14 0.669541 1.65054 -1.27817 4.67187 -2.70686 2.53772 -4.40134 4.48257 -32.855 0.352905 0.5 
data/to-extract/iggy.wav 72.1809 0.149352 0.997184 0.00255932 -214.12 37.8685 -7.2954 4.85143 0.8379 4.07379 -5.55562 1.27675 -2.28444 -0.709086 -3.12508e-14 0.709086 2.28444 -1.27675 5.55562 -4.07379 -0.8379 -4.85143 7.2954 -37.8685 0.262451 0.5 
data/to-extract/iggy.wav 72.8885 0.143303 0.946588 0.00370494 -212.76 36.2496 -5.65024 4.39948 -3.50721 1.99115 -3.38262 2.83326 -0.482771 0.166876 -3.21545e-14 -0.166876 0.482771 -2.83326 3.38262 -1.99115 3.50721 -4.39948 5.65024 -36.2496 0.295898 0.5 
data/to-extract/iggy.wav 73.5962 0.0961532 0.890607 0.00425916 -213.509 45.6059 -4.97323 8.42355 0.0834048 4.90892 -0.833662 3.06382 -0.53695 -0.144254 -3.0259e-14 0.144254 0.53695 -3.06382 0.833662 -4.90892 -0.0834048 -8.42355 4.97323 -45.6059 0.213135 0.5 
data/to-extract/iggy.wav 74.3039 0.168874 0.721658 0.00413844 -204.88 32.4852 0.324757 4.45639 -1.75936 7.96991 -1.4352 2.58979 0.438978 -0.425113 -3.98034e-14 0.425113 -0.438978 -2.58979 1.4352 -7.96991 1.75936 -4.45639 -0.324757 -32.4852 0.334351 0.5 
data/to-extract/iggy.wav 75.0115 0.141242 0.86789 0.00271141 -212.341 37.8574 -6.95843 8.38294 -1.04487 7.02617 -3.05553 2.43967 0.646797 -0.183727 -3.49873e-14 0.183727 -0.646797 -2.43967 3.05553 -7.02617 1.04487 -8.38294 6.95843 -37.8574 0.287598 0.5 
data/to-extract/iggy.wav 75.7192 0.162611 1.05523 0.0030113 -208.759 35.0975 -8.66644 2.5762 -2.13417 4.22651 -2.70757 1.90539 -1.4207 -1.1401 -3.20515e-14 1.1401 1.4207 -1.90539 2.70757 -4.22651 2.13417 -2.5762 8.66644 -35.0975 0.338013 0.5 
data/to-extract/iggy.wav 76.4268 0.123033 0.973636 0.00369614 -213.167 38.7447 -5.66453 6.26414 2.69685 9.32042 -3.9942 3.09525 -2.06825 0.656894 -3.37415e-14 -0.656894 2.06825 -3.09525 3.9942 -9.32042 -2.69685 -6.26414 5.66453 -38.7447 0.242432 0.5 
data/to-extract/iggy.wav 77.1345 0.164322 0.944537 0.0023866 -211.05 33.0198 -3.34008 4.98377 -1.76056 6.15524 -4.25216 2.45146 -1.14964 0.102221 -3.68097e-14 -0.102221 1.14964 -2.45146 4.25216 -6.15524 1.76056 -4.98377 3.34008 -33.0198 0.337646 0.5 
data/to-extract/iggy.wav 77.8421 0.120815 0.915907 0.00240861 -220.576 39.8886 -5.46567 4.8321 -0.375595 7.23109 -3.45282 1.82457 -3.08998 -0.982813 -3.60847e-14 0.982813 3.08998 -1.82457 3.45282 -7.23109 0.375595 -4.8321 5.46567 -39.8886 0.266479 0.5 
data/to-extract/iggy.wav 78.5498 0.166298 0.974623 0.00320209 -211.132 31.1022 -5.84349 4.95197 -3.10572 5.80455 -2.66993 1.34357 -1.9036 0.00653538 -3.55983e-14 -0.00653538 1.9036 -1.34357 2.66993 -5.80455 3.10572 -4.95197 5.84349 -31.1022 0.344727 0.5 
data/to-extract/iggy.wav 79.2574 0.0955956 0.857854 0.00439125 -220.591 41.9897 -1.32156 8.80319 2.57902 6.11541 -0.77737 4.76526 1.04373 -0.193273 -3.35735e-14 0.193273 -1.04373 -4.76526 0.77737 -6.11541 -2.57902 -8.80319 1.32156 -41.9897 0.209351 0.5 
data/to-extract/iggy.wav 79.9651 0.178976 0.690412 0.00364042 -209.489 29.6603 4.86004 6.1617 -1.10165 7.9285 -1.02606 2.59002 0.205449 0.347393 -4.16787e-14 -0.347393 -0.205449 -2.59002 1.02606 -7.9285 1.10165 -6.1617 -4.86004 -29.6603 0.392822 0.5 
data/to-extract/iggy.wav 80.6727 0.141821 0.861243 0.00282445 -216.754 36.4233 -2.15834 8.17895 -1.05592 5.58326 -3.54335 5.12466 -0.19286 -0.172633 -3.60368e-14 0.172633 0.19286 -5.12466 3.54335 -5.58326 1.05592 -8.17895 2.15834 -36.4233 0.319092 0.5 
data/to-extract/iggy.wav 81.3804 0.195978 1.01236 0.00255183 -205.779 26.6309 -7.00077 5.1726 -4.77912 2.536 -3.54676 2.81727 -0.458763 -0.628982 -3.36509e-14 0.628982 0.458763 -2.81727 3.54676 -2.536 4.77912 -5.1726 7.00077 -26.6309 0.396729 0.5 
data/to-extract/iggy.wav 82.088 0.106891 0.873692 0.00351102 -219.129 41.7512 -3.4537 3.12061 -1.28964 6.94133 -4.36052 3.40254 1.09648 0.0902494 -3.8734e-14 -0.0902494 -1.09648 -3.40254 4.36052 -6.94133 1.28964 -3.12061 3.4537 -41.7512 0.213013 0.5 
data/to-extract/iggy.wav 82.7957 0.162221 0.977096 0.00273746 -207.571 34.8186 -7.46185 5.09838 -2.41327 4.44657 -5.37559 1.74714 -0.508893 -0.308676 -3.37816e-14 0.308676 0.508893 -1.74714 5.37559 -4.44657 2.41327 -5.09838 7.46185 -34.8186 0.354248 0.5 
data/to-extract/iggy.wav 83.5034 0.180394 1.01117 0.00301521 -221.769 33.9561 -1.527 6.5142 1.4387 4.77807 -1.27996 1.71852 -0.215247 1.70042 -3.33101e-14 -1.70042 0.215247 -1.71852 1.27996 -4.77807 -1.4387 -6.5142 1.527 -33.9561 0.325562 0.5 
data/to-extract/iggy.wav 84.211 0.150617 1.07308 0.00314665 -209.488 34.0062 -7.45837 2.74184 -1.4132 4.93138 -2.50958 2.14263 -1.4408 0.23839 -3.18996e-14 -0.23839 1.4408 -2.14263 2.50958 -4.93138 1.4132 -2.74184 7.45837 -34.0062 0.302002 0.5 
data/to-extract/iggy.wav 84.9187 0.0856648 0.877148 0.00229059 -237.807 44.8902 2.02623 7.9458 1.61131 2.48185 -2.82899 -0.414711 -0.191524 0.314812 -3.61153e-14 -0.314812 0.191524 0.414711 2.82899 -2.48185 -1.61131 -7.9458 -2.02623 -44.8902 0.16626 0.5 
data/to-extract/iggy.wav 85.6263 0.109075 0.92594 0.00291642 -224.729 39.8524 -0.128117 10.0671 3.15754 5.52218 -2.88448 1.84317 -0.0913286 1.34277 -3.38719e-14 -1.34277 0.0913286 -1.84317 2.88448 -5.52218 -3.15754 -10.0671 0.128117 -39.8524 0.24939 0.5 
data/to-extract/iggy.wav 86.334 0.141919 1.01243 0.00133399 -235.674 34.9257 -2.60161 8.41353 2.97752 5.24041 -4.97854 -0.53903 -0.81043 0.259994 -3.70818e-14 -0.259994 0.81043 0.53903 4.97854 -5.24041 -2.97752 -8.41353 2.60161 -34.9257 0.315186 0.5 
data/to-extract/iggy.wav 87.0417 0.146727 0.947945 0.00246786 -222.813 35.0998 -7.87982 9.66897 2.81379 4.66578 -4.37105 -1.12783 -1.83768 -1.17399 -3.18426e-14 1.17399 1.83768 1.12783 4.37105 -4.66578 -2.81379 -9.66897 7.87982 -35.0998 0.300049 0.5 
data/to-extract/iggy.wav 87.7493 0.119362 0.800704 0.00221777 -225.768 40.9036 2.37126 6.48457 -3.94177 1.53304 -4.9326 3.53695 1.48472 -1.98211 -4.09212e-14 1.98211 -1.48472 -3.53695 4.9326 -1.53304 3.94177 -6.48457 -2.37126 -40.9036 0.290894 0.5 
data/to-extract/iggy.wav 88.457 0.157817 0.835744 0.00222023 -220.63 32.7619 0.394951 10.6217 -0.389456 4.49407 -4.65072 3.57675 -0.458583 1.02771 -3.6344e-14 -1.02771 0.458583 -3.57675 4.65072 -4.49407 0.389456 -10.6217 -0.394951 -32.7619 0.334717 0.5 
data/to-extract/iggy.wav 89.1646 0.0920999 0.94476 0.00204417 -239.253 45.0379 5.51973 8.30533 1.96076 1.85442 -5.71148 -0.275823 0.722745 0.510311 -3.88861e-14 -0.510311 -0.722745 0.275823 5.71148 -1.85442 -1.96076 -8.30533 -5.51973 -45.0379 0.186279 0.5 
data/to-extract/iggy.wav 89.8723 0.115289 1.07578 0.00251637 -221.042 40.9826 -7.08711 2.4982 1.58377 3.37218 -5.83333 0.853366 -0.857068 1.04462 -3.07313e-14 -1.04462 0.857068 -0.853366 5.83333 -3.37218 -1.58377 -2.4982 7.08711 -40.9826 0.200195 0.5 
data/to-extract/iggy.wav 90.5799 0.139565 0.883425 0.00143883 -239.947 32.9811 -4.47726 10.5101 5.46223 6.97022 -0.291289 3.82241 1.48382 0.71273 -3.41503e-14 -0.71273 -1.48382 -3.82241 0.291289 -6.97022 -5.46223 -10.5101 4.47726 -32.9811 0.280762 0.5 
data/to-extract/iggy.wav 91.2876 0.0836498 0.834006 0.00226967 -234.234 45.4737 -3.06307 6.66486 5.17693 3.11891 2.24763 1.87738 -0.413982 1.78849 -2.64999e-14 -1.78849 0.413982 -1.87738 -2.24763 -3.11891 -5.17693 -6.66486 3.06307 -45.4737 0.172607 0.5 
data/to-extract/iggy.wav 91.9952 0.135548 1.05804 0.00139719 -234.472 36.5564 -3.89847 6.77802 1.07053 3.03037 -3.34343 0.903406 0.32769 0.600617 -3.44752e-14 -0.600617 -0.32769 -0.903406 3.34343 -3.03037 -1.07053 -6.77802 3.89847 -36.5564 0.279907 0.5 
data/to-extract/iggy.wav 92.7029 0.136423 0.852537 0.00270858 -221.691 38.7849 -5.41174 9.40499 0.63394 3.58178 -0.512178 1.8881 0.0977059 -0.98003 -3.13701e-14 0.98003 -0.0977059 -1.8881 0.512178 -3.58178 -0.63394 -9.40499 5.41174 -38.7849 0.27063 0.5 
data/to-extract/iggy.wav 93.4105 0.137951 0.98695 0.00246668 -212.924 36.8224 -6.87802 5.50727 0.819808 5.01663 -2.68045 2.34287 -0.201047 -1.20244 -3.22198e-14 1.20244 0.201047 -2.34287 2.68045 -5.01663 -0.819808 -5.50727 6.87802 -36.8224 0.276855 0.5 
data/to-extract/iggy.wav 94.1182 0.155806 1.00832 0.00233185 -224.707 33.1554 3.35033 10.4669 3.88732 7.32246 -3.54529 -0.441337 -3.17278 -0.661562 -3.87805e-14 0.661562 3.17278 0.441337 3.54529 -7.32246 -3.88732 -10.4669 -3.35033 -33.1554 0.342896 0.5 
data/to-extract/iggy.wav 94.8259 0.0939476 0.724698 0.00108586 -253.71 39.3669 3.71571 4.00356 1.62519 3.3501 0.766976 2.04062 -1.14116 1.69711 -3.7882e-14 -1.69711 1.14116 -2.04062 -0.766976 -3.3501 -1.62519 -4.00356 -3.71571 -39.3669 0.188843 0.5 
data/to-extract/iggy.wav 95.5335 0.0726992 0.776633 0.00306705 -248.117 46.617 7.81883 4.02897 1.48974 3.85189 2.39898 4.24853 0.254379 1.12109 -3.87845e-14 -1.12109 -0.254379 -4.24853 -2.39898 -3.85189 -1.48974 -4.02897 -7.81883 -46.617 0.149414 0.5 
data/to-extract/iggy.wav 96.2412 0.154004 0.693265 0.00391178 -217.287 33.5444 -0.844234 11.8799 -3.81462 4.66614 2.47297 5.90123 0.00108376 -0.136576 -3.48994e-14 0.136576 -0.00108376 -5.90123 -2.47297 -4.66614 3.81462 -11.8799 0.844234 -33.5444 0.305054 0.5 
data/to-extract/iggy.wav 96.9488 0.170099 0.627568 0.00257868 -218.56 31.0318 -5.25214 12.5335 -1.58153 5.62598 1.37556 4.28261 0.0690505 -0.642326 -3.36043e-14 0.642326 -0.0690505 -4.28261 -1.37556 -5.62598 1.58153 -12.5335 5.25214 -31.0318 0.300781 0.5 
data/to-extract/iggy.wav 97.6565 0.185939 1.03865 0.00143767 -221.204 30.2718 -11.5886 7.48187 -1.26021 5.27924 -2.89416 -0.36078 -3.17366 -2.60761 -3.38017e-14 2.60761 3.17366 0.36078 2.89416 -5.27924 1.26021 -7.48187 11.5886 -30.2718 0.34668 0.5 
data/to-extract/iggy.wav 98.3641 0.101729 0.820739 0.00309535 -220.35 43.5796 -5.23595 10.9276 1.28947 4.06888 -0.0140709 1.32979 -0.102108 -0.155007 -2.96243e-14 0.155007 0.102108 -1.32979 0.0140709 -4.06888 -1.28947 -10.9276 5.23595 -43.5796 0.214478 0.5 
data/to-extract/iggy.wav 99.0718 0.171438 1.00002 0.00293924 -203.024 33.329 -12.8702 7.51116 -5.86564 4.1044 0.393424 3.99313 -1.82806 0.698205 -2.74565e-14 -0.698205 1.82806 -3.99313 -0.393424 -4.1044 5.86564 -7.51116 12.8702 -33.329 0.322754 0.5 
data/to-extract/iggy.wav 99.7795 0.146388 1.00463 0.00269646 -212.342 36.9588 -13.4923 7.66643 -0.214509 5.46425 -2.35573 1.89009 -0.527281 -0.518851 -2.8748e-14 0.518851 0.527281 -1.89009 2.35573 -5.46425 0.214509 -7.66643 13.4923 -36.9588 0.285522 0.5 
data/to-extract/iggy.wav 100.487 0.16796 0.969355 0.00212726 -219.98 30.7128 -14.7803 1.43048 -7.10038 2.63181 -1.05388 0.305375 -2.649 -1.39204 -3.26021e-14 1.39204 2.649 -0.305375 1.05388 -2.63181 7.10038 -1.43048 14.7803 -30.7128 0.312256 0.5 
data/to-extract/iggy.wav 101.195 0.116368 0.927099 0.00331793 -215.601 41.9109 -8.37007 8.59482 0.299021 4.50994 0.908068 3.91057 0.612649 0.407209 -2.77193e-14 -0.407209 -0.612649 -3.91057 -0.908068 -4.50994 -0.299021 -8.59482 8.37007 -41.9109 0.231812 0.5 
data/to-extract/iggy.wav 101.902 0.141421 0.977082 0.00204085 -225.974 35.1515 -7.93034 6.62541 -2.90153 4.42771 1.05096 2.87366 -2.33776 -1.358 -3.32046e-14 1.358 2.33776 -2.87366 -1.05096 -4.42771 2.90153 -6.62541 7.93034 -35.1515 0.30188 0.5 
data/to-extract/iggy.wav 102.61 0.18758 0.892177 0.00204704 -219.682 30.3475 -6.68139 11.3905 -4.47012 5.4195 -2.34995 2.31182 -0.958812 -1.0598 -3.73287e-14 1.0598 0.958812 -2.31182 2.34995 -5.4195 4.47012 -11.3905 6.68139 -30.3475 0.3302 0.5 
data/to-extract/iggy.wav 103.318 0.19785 0.856087 0.000959147 -233.139 24.2397 -12.7791 6.51654 0.550711 6.64535 0.466033 0.255561 -2.23748 -0.81894 -3.34266e-14 0.81894 2.23748 -0.255561 -0.466033 -6.64535 -0.550711 -6.51654 12.7791 -24.2397 0.360718 0.5 
data/to-extract/iggy.wav 104.025 0.177978 0.86037 0.0025968 -223.293 29.3725 1.77451 11.9935 1.52111 5.61332 1.02915 2.17461 0.629988 -0.020061 -3.66148e-14 0.020061 -0.629988 -2.17461 -1.02915 -5.61332 -1.52111 -11.9935 -1.77451 -29.3725 0.362305 0.5 
data/to-extract/iggy.wav 104.733 0.176482 0.89064 0.00255133 -208.774 31.3765 -8.85016 8.73302 -1.84101 4.115 -1.0346 2.10572 -2.1415 -1.78015 -3.05012e-14 1.78015 2.1415 -2.10572 1.0346 -4.115 1.84101 -8.73302 8.85016 -31.3765 0.33667 0.5 
data/to-extract/iggy.wav 105.441 0.169347 0.884764 0.00278724 -210.133 32.1594 -5.45467 12.4479 -1.76356 6.11327 -3.16099 1.70534 -1.48024 -1.38774 -3.52226e-14 1.38774 1.48024 -1.70534 3.16099 -6.11327 1.76356 -12.4479 5.45467 -32.1594 0.353394 0.5 
data/to-extract/iggy.wav 106.148 0.164857 1.14559 0.00278664 -210.621 30.4666 -15.2677 4.70058 -1.2068 4.66773 -1.8371 0.674378 -1.72461 -1.14016 -2.85524e-14 1.14016 1.72461 -0.674378 1.8371 -4.66773 1.2068 -4.70058 15.2677 -30.4666 0.30188 0.5 
data/to-extract/iggy.wav 106.856 0.106003 0.719929 0.00434483 -218.85 42.1848 -5.76467 9.34717 -1.70112 4.84536 5.09797 5.54504 0.106665 0.902867 -2.84047e-14 -0.902867 -0.106665 -5.54504 -5.09797 -4.84536 1.70112 -9.34717 5.76467 -42.1848 0.222656 0.5 
data/to-extract/iggy.wav 107.564 0.136984 0.832098 0.00369166 -205.529 38.1608 -11.2468 7.61315 -0.0756253 6.57895 -0.770689 1.95811 0.0263568 0.291448 -2.87117e-14 -0.291448 -0.0263568 -1.95811 0.770689 -6.57895 0.0756253 -7.61315 11.2468 -38.1608 0.268066 0.5 
data/to-extract/iggy.wav 108.271 0.154863 0.904702 0.00278886 -210.637 36.269 -13.1344 2.23926 -7.32844 6.25116 -0.0844469 2.33679 -0.854213 -1.63996 -3.54081e-14 1.63996 0.854213 -2.33679 0.0844469 -6.25116 7.32844 -2.23926 13.1344 -36.269 0.261963 0.5 
data/to-extract/iggy.wav 108.979 0.147312 1.00025 0.00251459 -216.71 36.9772 -11.6838 -1.76645 -7.67288 -0.971859 -2.35954 0.226704 0.456766 0.361568 -3.08729e-14 -0.361568 -0.456766 -0.226704 2.35954 0.971859 7.67288 1.76645 11.6838 -36.9772 0.283813 0.5 
data/to-extract/iggy.wav 109.687 0.14519 0.766106 0.00305638 -204.491 36.2797 -10.8797 8.36082 -4.22548 2.09566 -3.09042 -0.0315453 -1.1438 0.684527 -2.79393e-14 -0.684527 1.1438 0.0315453 3.09042 -2.09566 4.22548 -8.36082 10.8797 -36.2797 0.287598 0.5 
data/to-extract/iggy.wav 110.394 0.206633 0.857994 0.00297386 -198.628 25.8198 -7.29869 5.96586 -4.31862 7.2201 -1.6418 -0.403291 -1.38833 -0.866667 -3.66861e-14 0.866667 1.38833 0.403291 1.6418 -7.2201 4.31862 -5.96586 7.29869 -25.8198 0.419556 0.5 
data/to-extract/iggy.wav 111.102 0.132034 0.885558 0.00347124 -203.716 40.7622 -13.8742 6.59039 -3.88968 1.46177 -4.15432 1.72764 -0.401002 -1.53155 -2.70679e-14 1.53155 0.401002 -1.72764 4.15432 -1.46177 3.88968 -6.59039 13.8742 -40.7622 0.237061 0.5 
data/to-extract/iggy.wav 111.81 0.143602 0.901367 0.00318298 -210.121 35.3898 -12.7778 3.63273 -3.63138 1.61727 -0.581356 0.00277527 -1.35085 -0.893802 -2.75518e-14 0.893802 1.35085 -0.00277527 0.581356 -1.61727 3.63138 -3.63273 12.7778 -35.3898 0.278076 0.5 
data/to-extract/iggy.wav 112.517 0.131793 0.938351 0.00305086 -204.971 40.651 -14.5595 5.63223 -3.67032 2.4462 -2.06675 2.80706 -1.12571 -1.04979 -2.59111e-14 1.04979 1.12571 -2.80706 2.06675 -2.4462 3.67032 -5.63223 14.5595 -40.651 0.230347 0.5 
data/to-extract/iggy.wav 113.225 0.130526 0.869429 0.00324668 -208.113 39.8491 -9.62563 6.87452 -1.99282 3.85061 0.0130445 4.17926 -0.464531 -0.807228 -2.80869e-14 0.807228 0.464531 -4.17926 -0.0130445 -3.85061 1.99282 -6.87452 9.62563 -39.8491 0.255859 0.5 
data/to-extract/iggy.wav 113.933 0.132008 0.851428 0.0017963 -221.187 38.816 -10.2606 6.40914 -1.57805 3.86387 -3.38437 1.11318 -1.6799 -1.6698 -3.22195e-14 1.6698 1.6799 -1.11318 3.38437 -3.86387 1.57805 -6.40914 10.2606 -38.816 0.235107 0.5 
data/to-extract/iggy.wav 114.64 0.151146 0.963033 0.00241613 -222.654 36.2822 -8.33414 3.31624 -3.68519 3.82534 -1.79188 0.735692 -0.425087 -0.915701 -3.52867e-14 0.915701 0.425087 -0.735692 1.79188 -3.82534 3.68519 -3.31624 8.33414 -36.2822 0.264648 0.5 
data/to-extract/iggy.wav 115.348 0.139125 0.989704 0.00243183 -211.855 39.091 -11.1545 3.95922 -6.30968 1.40591 -3.4307 1.95041 -1.3183 -2.25704 -3.19685e-14 2.25704 1.3183 -1.95041 3.4307 -1.40591 6.30968 -3.95922 11.1545 -39.091 0.283813 0.5 
data/to-extract/iggy.wav 116.056 0.139071 0.962613 0.00254232 -211.956 38.8385 -7.68737 3.4884 -6.41268 0.879352 -3.10671 1.69628 -1.99787 -3.0695 -3.36771e-14 3.0695 1.99787 -1.69628 3.10671 -0.879352 6.41268 -3.4884 7.68737 -38.8385 0.283203 0.5 
data/to-extract/iggy.wav 116.763 0.145603 0.895892 0.00274225 -208.853 38.3162 -6.75151 4.61689 -5.71804 0.742586 -2.91946 1.08513 -0.665153 -3.74466 -3.42131e-14 3.74466 0.665153 -1.08513 2.91946 -0.742586 5.71804 -4.61689 6.75151 -38.3162 0.31189 0.5 
data/to-extract/iggy.wav 117.471 0.15407 0.979928 0.00342744 -202.979 35.2279 -3.86741 9.2302 -4.52004 4.3728 -0.918456 1.18905 -0.199505 -0.38329 -3.42221e-14 0.38329 0.199505 -1.18905 0.918456 -4.3728 4.52004 -9.2302 3.86741 -35.2279 0.326538 0.5 
data/to-extract/iggy.wav 118.179 0.174755 0.709349 0.00414134 -198.329 30.1027 -8.89712 10.7335 -4.19957 5.9507 1.08245 3.5174 -0.320697 0.907358 -2.99581e-14 -0.907358 0.320697 -3.5174 -1.08245 -5.9507 4.19957 -10.7335 8.89712 -30.1027 0.340576 0.5 
data/to-extract/iggy.wav 118.886 0.133981 0.703745 0.00307095 -214.367 38.4146 -6.74281 9.93238 -3.6358 4.26204 -1.96532 3.5791 1.87357 0.189918 -3.37243e-14 -0.189918 -1.87357 -3.5791 1.96532 -4.26204 3.6358 -9.93238 6.74281 -38.4146 0.291626 0.5 
data/to-extract/iggy.wav 119.594 0.213842 1.04841 0.00346167 -204.378 23.3262 -9.05466 8.06613 -6.02021 2.53466 -1.09906 2.90001 -1.28702 -0.0214084 -3.11925e-14 0.0214084 1.28702 -2.90001 1.09906 -2.53466 6.02021 -8.06613 9.05466 -23.3262 0.358398 0.5 
data/to-extract/iggy.wav 120.301 0.147816 0.813124 0.00330971 -218.713 32.8491 -6.92158 8.42525 -2.78206 5.19645 -1.23651 2.79196 0.184619 -1.14321 -3.5603e-14 1.14321 -0.184619 -2.79196 1.23651 -5.19645 2.78206 -8.42525 6.92158 -32.8491 0.323608 0.5 
data/to-extract/iggy.wav 121.009 0.196043 0.975497 0.00232495 -216.152 27.8928 -5.76411 7.36944 -5.23307 4.13792 -1.5199 1.09497 0.0179828 -0.368562 -3.72311e-14 0.368562 -0.0179828 -1.09497 1.5199 -4.13792 5.23307 -7.36944 5.76411 -27.8928 0.350708 0.5 
data/to-extract/iggy.wav 121.717 0.152244 1.02951 0.00214784 -216.208 34.5433 -13.6812 6.20005 -4.29505 4.09094 -3.61856 1.13106 -0.854913 -1.3853 -3.27718e-14 1.3853 0.854913 -1.13106 3.61856 -4.09094 4.29505 -6.20005 13.6812 -34.5433 0.300781 0.5 
data/to-extract/iggy.wav 122.424 0.140474 0.93859 0.00351548 -212.918 37.0456 -7.36569 3.58307 -5.00031 0.650151 -3.7817 1.44506 -0.206148 -0.197133 -3.19604e-14 0.197133 0.206148 -1.44506 3.7817 -0.650151 5.00031 -3.58307 7.36569 -37.0456 0.289795 0.5 
data/to-extract/iggy.wav 123.132 0.112688 0.870499 0.00405258 -209.123 41.1608 -6.72248 10.6199 0.594537 5.29837 -1.27854 1.87662 -0.354621 -0.556936 -2.98025e-14 0.556936 0.354621 -1.87662 1.27854 -5.29837 -0.594537 -10.6199 6.72248 -41.1608 0.238892 0.5 
data/to-extract/iggy.wav 123.84 0.161046 0.730656 0.00390012 -204.838 32.5512 -2.17112 7.81157 -2.28923 6.50508 -1.25993 2.26975 0.316602 -0.623361 -3.68843e-14 0.623361 -0.316602 -2.26975 1.25993 -6.50508 2.28923 -7.81157 2.17112 -32.5512 0.35437 0.5 
data/to-extract/iggy.wav 124.547 0.124961 0.715534 0.00285627 -223.765 39.7329 -6.22487 9.90379 -3.45356 3.23388 -0.572562 3.26135 2.51836 -1.66723 -3.5371e-14 1.66723 -2.51836 -3.26135 0.572562 -3.23388 3.45356 -9.90379 6.22487 -39.7329 0.268433 0.5 
data/to-extract/iggy.wav 125.255 0.153181 0.942642 0.00302085 -214.484 33.8304 -11.5182 1.00501 -7.59635 0.298137 -3.00653 3.07212 -0.491797 -0.331947 -3.14949e-14 0.331947 0.491797 -3.07212 3.00653 -0.298137 7.59635 -1.00501 11.5182 -33.8304 0.29187 0.5 
data/to-extract/iggy.wav 125.963 0.16107 0.803662 0.00385952 -212.131 31.8369 -1.31646 9.78643 -1.85147 8.98715 0.193684 3.28881 1.05984 -0.625368 -4.01585e-14 0.625368 -1.05984 -3.28881 -0.193684 -8.98715 1.85147 -9.78643 1.31646 -31.8369 0.34375 0.5 
data/to-extract/iggy.wav 126.67 0.139666 0.86603 0.0024983 -215.314 37.5531 -9.37384 3.92896 -4.21013 3.03382 -3.48942 0.523072 -0.950046 -1.30511 -3.36966e-14 1.30511 0.950046 -0.523072 3.48942 -3.03382 4.21013 -3.92896 9.37384 -37.5531 0.267944 0.5 
data/to-extract/iggy.wav 127.378 0.132748 0.950263 0.00271153 -211.794 39.7406 -14.1911 6.64282 -6.82324 1.34812 -2.19757 3.38721 -2.32252 -0.402484 -2.7237e-14 0.402484 2.32252 -3.38721 2.19757 -1.34812 6.82324 -6.64282 14.1911 -39.7406 0.241089 0.5 
data/to-extract/iggy.wav 128.086 0.144487 1.03584 0.00306296 -221.575 33.8617 -6.2539 4.0181 -3.24686 2.30524 -1.46619 3.15722 0.870615 0.228777 -3.34499e-14 -0.228777 -0.870615 -3.15722 1.46619 -2.30524 3.24686 -4.0181 6.2539 -33.8617 0.287598 0.5 
data/to-extract/iggy.wav 128.793 0.126441 0.929036 0.00413404 -209.238 36.2463 -10.1258 14.231 3.04143 7.66044 -2.04542 0.676326 1.3553 0.795508 -2.92603e-14 -0.795508 -1.3553 -0.676326 2.04542 -7.66044 -3.04143 -14.231 10.1258 -36.2463 0.269043 0.5 
data/to-extract/iggy.wav 129.501 0.139127 0.731277 0.00364337 -206.292 37.3561 -9.91681 8.01054 -2.55313 2.94011 1.37827 5.44697 0.155865 -0.486251 -2.63301e-14 0.486251 -0.155865 -5.44697 -1.37827 -2.94011 2.55313 -8.01054 9.91681 -37.3561 0.276245 0.5 
data/to-extract/iggy.wav 130.209 0.146307 0.920614 0.00309212 -206.372 36.6451 -12.76 7.2495 -3.46473 3.26877 -1.17011 2.8341 -1.28725 -0.372399 -2.70874e-14 0.372399 1.28725 -2.8341 1.17011 -3.26877 3.46473 -7.2495 12.76 -36.6451 0.286987 0.5 
data/to-extract/iggy.wav 130.916 0.174706 1.08762 0.00301111 -202.357 29.0665 -16.2135 2.69096 -8.04427 0.95554 -4.55273 0.161084 -2.70479 -1.29557 -2.94376e-14 1.29557 2.70479 -0.161084 4.55273 -0.95554 8.04427 -2.69096 16.2135 -29.0665 0.348877 0.5 
data/to-extract/iggy.wav 131.624 0.165651 0.920196 0.00367194 -207.87 29.7568 -8.44429 13.6482 -3.42059 6.31979 0.0571425 4.25894 0.297855 -0.149651 -3.26472e-14 0.149651 -0.297855 -4.25894 -0.0571425 -6.31979 3.42059 -13.6482 8.44429 -29.7568 0.327759 0.5 
data/to-extract/iggy.wav 132.332 0.188942 0.98279 0.00266046 -209.102 28.2861 -7.55215 7.14188 -4.78678 6.41057 -2.20677 2.38302 0.86452 -0.63131 -3.7819e-14 0.63131 -0.86452 -2.38302 2.20677 -6.41057 4.78678 -7.14188 7.55215 -28.2861 0.331421 0.5 
data/to-extract/iggy.wav 133.039 0.149803 0.880604 0.00311878 -214.601 33.6352 -11.0133 11.3274 0.121087 8.72052 -1.29542 3.22199 0.0742921 -0.511454 -3.31076e-14 0.511454 -0.0742921 -3.22199 1.29542 -8.72052 -0.121087 -11.3274 11.0133 -33.6352 0.31189 0.5 
data/to-extract/iggy.wav 133.747 0.157444 1.13873 0.00314445 -209.963 35.5425 -11.1705 3.33594 -5.61846 1.51782 -1.74546 2.28045 -1.27709 -0.664989 -2.96555e-14 0.664989 1.27709 -2.28045 1.74546 -1.51782 5.61846 -3.33594 11.1705 -35.5425 0.313599 0.5 
data/to-extract/iggy.wav 134.455 0.115531 0.738228 0.00445895 -210.439 40.986 -5.36529 9.93674 -1.83957 4.45145 -1.28682 3.45612 1.2288 -1.05479 -3.26646e-14 1.05479 -1.2288 -3.45612 1.28682 -4.45145 1.83957 -9.93674 5.36529 -40.986 0.259033 0.5 
data/to-extract/iggy.wav 135.162 0.133705 0.762465 0.00400622 -205.135 39.4159 -8.13064 6.62525 -3.73892 4.36645 0.908718 5.75894 1.61766 0.378146 -2.9755e-14 -0.378146 -1.61766 -5.75894 -0.908718 -4.36645 3.73892 -6.62525 8.13064 -39.4159 0.286011 0.5 
data/to-extract/iggy.wav 135.87 0.159702 1.01206 0.0032318 -205.807 32.8893 -9.70997 8.94272 -5.16502 4.65479 -1.53863 2.1627 -0.826692 -0.116704 -3.21172e-14 0.116704 0.826692 -2.1627 1.53863 -4.65479 5.16502 -8.94272 9.70997 -32.8893 0.339355 0.5 
data/to-extract/iggy.wav 136.578 0.174851 1.07631 0.00346452 -200.589 30.0304 -10.8919 3.32077 -8.44216 2.8484 -3.8051 0.85343 -1.43341 -0.636246 -3.3832e-14 0.636246 1.43341 -0.85343 3.8051 -2.8484 8.44216 -3.32077 10.8919 -30.0304 0.355957 0.5 
data/to-extract/iggy.wav 137.285 0.190873 0.974756 0.0036028 -207.632 27.4212 -6.35353 10.725 -2.88568 7.40603 -2.58242 1.32893 -0.261937 -0.0685 -3.68644e-14 0.0685 0.261937 -1.32893 2.58242 -7.40603 2.88568 -10.725 6.35353 -27.4212 0.353882 0.5 
data/to-extract/iggy.wav 137.993 0.21187 0.966619 0.00286959 -202.835 25.917 -6.66888 8.55435 -4.28257 7.19312 -2.38194 1.76701 -0.299998 -0.912303 -3.7673e-14 0.912303 0.299998 -1.76701 2.38194 -7.19312 4.28257 -8.55435 6.66888 -25.917 0.391724 0.5 
data/to-extract/iggy.wav 138.701 0.142006 0.937259 0.0037558 -208.993 36.7313 -10.9755 10.5375 -1.50479 8.23616 -1.58752 3.46111 -0.766282 -1.18234 -3.28213e-14 1.18234 0.766282 -3.46111 1.58752 -8.23616 1.50479 -10.5375 10.9755 -36.7313 0.295166 0.5 
data/to-extract/iggy.wav 139.408 0.131645 0.99628 0.00351776 -211.837 39.0893 -11.1331 8.91384 -2.87806 2.01967 1.156 2.26579 -1.10388 0.863763 -2.47307e-14 -0.863763 1.10388 -2.26579 -1.156 -2.01967 2.87806 -8.91384 11.1331 -39.0893 0.266235 0.5 
data/to-extract/iggy.wav 140.116 0.114494 0.934531 0.0016904 -230.205 41.5076 -12.4244 4.85001 -1.97614 -0.555413 3.40359 2.35188 -0.70468 0.543166 -2.32062e-14 -0.543166 0.70468 -2.35188 -3.40359 0.555413 1.97614 -4.85001 12.4244 -41.5076 0.225586 0.5 
data/to-extract/iggy.wav 140.823 0.0792073 0.790315 0.00219084 -238.026 48.7818 -6.58797 3.57497 3.8633 1.39037 5.3364 3.73906 0.064289 1.14943 -2.31725e-14 -1.14943 -0.064289 -3.73906 -5.3364 -1.39037 -3.8633 -3.57497 6.58797 -48.7818 0.154541 0.5 
data/to-extract/iggy.wav 141.531 0.0895173 0.751598 0.000715772 -256.944 41.0056 -12.0268 -9.56233 1.39327 -0.292649 3.84795 4.49714 0.0620159 0.410054 -2.72547e-14 -0.410054 -0.0620159 -4.49714 -3.84795 0.292649 -1.39327 9.56233 12.0268 -41.0056 0.144531 0.5 
data/to-extract/iggy.wav 142.239 0.0940924 0.773833 0.00257326 -231.685 42.4343 -5.37928 4.61696 0.447141 1.82697 2.70751 2.46862 0.225023 -0.40538 -2.94403e-14 0.40538 -0.225023 -2.46862 -2.70751 -1.82697 -0.447141 -4.61696 5.37928 -42.4343 0.191406 0.5 
data/to-extract/iggy.wav 142.946 0.0745587 0.782218 0.00145815 -249.226 43.9293 -0.462928 -1.01986 2.80057 4.39044 3.5237 4.07193 1.73385 -0.620122 -3.67037e-14 0.620122 -1.73385 -4.07193 -3.5237 -4.39044 -2.80057 1.01986 0.462928 -43.9293 0.13855 0.5 
data/to-extract/iggy.wav 143.654 0.0665519 0.758218 0.00191829 -250.274 44.0588 0.709088 1.4241 5.87377 5.48497 3.06775 4.29991 2.45288 -0.164942 -3.61344e-14 0.164942 -2.45288 -4.29991 -3.06775 -5.48497 -5.87377 -1.4241 -0.709088 -44.0588 0.132568 0.5 
data/to-extract/iggy.wav 144.362 0.109067 0.677475 0.000915457 -256.415 33.8598 -6.07162 4.70314 4.93269 5.70896 3.74019 2.08486 1.80898 0.240288 -3.48529e-14 -0.240288 -1.80898 -2.08486 -3.74019 -5.70896 -4.93269 -4.70314 6.07162 -33.8598 0.210327 0.5 
data/to-extract/iggy.wav 145.069 0.214723 0.971553 0.0014294 -235.892 13.7925 -18.0798 8.45347 -2.66585 4.985 -0.882271 0.354282 -1.07414 -0.200123 -3.34574e-14 0.200123 1.07414 -0.354282 0.882271 -4.985 2.66585 -8.45347 18.0798 -13.7925 0.364258 0.5 
data/to-extract/iggy.wav 145.777 0.177602 0.829506 0.0017698 -224.367 30.2629 -11.5084 12.0318 -4.51603 8.54798 -0.950181 0.619981 0.830785 1.44161 -3.76043e-14 -1.44161 -0.830785 -0.619981 0.950181 -8.54798 4.51603 -12.0318 11.5084 -30.2629 0.311035 0.5 
data/to-extract/iggy.wav 146.485 0.227103 0.963873 0.00247425 -212.585 24.1614 3.62823 8.85597 -2.15706 9.13007 -2.84419 2.01276 -0.608402 -0.921578 -4.55159e-14 0.921578 0.608402 -2.01276 2.84419 -9.13007 2.15706 -8.85597 -3.62823 -24.1614 0.442627 0.5 
data/to-extract/iggy.wav 147.192 0.169963 0.951473 0.00212219 -217.342 34.1854 -5.7856 13.1135 3.40183 3.49462 -5.17293 1.04376 -2.81288 -4.22696 -3.16603e-14 4.22696 2.81288 -1.04376 5.17293 -3.49462 -3.40183 -13.1135 5.7856 -34.1854 0.346313 0.5 
data/to-extract/iggy.wav 147.9 0.0952251 0.822603 0.00333079 -219.864 45.3806 -6.66054 10.432 5.77209 1.43379 -3.38687 1.83032 1.58573 -0.470355 -2.48526e-14 0.470355 -1.58573 -1.83032 3.38687 -1.43379 -5.77209 -10.432 6.66054 -45.3806 0.186279 0.5 
data/to-extract/iggy.wav 148.608 0.109113 1.01474 0.00280262 -218.079 44.5279 -6.99604 5.94757 -1.65721 0.049533 -4.32999 0.66572 1.0556 -1.57409 -3.07211e-14 1.57409 -1.0556 -0.66572 4.32999 -0.049533 1.65721 -5.94757 6.99604 -44.5279 0.189697 0.5 
data/to-extract/iggy.wav 149.315 0.0948301 0.93601 0.00277609 -227.662 44.4957 1.18433 9.25165 -0.641803 2.88598 -3.82349 0.733703 1.07437 -1.50854 -3.83028e-14 1.50854 -1.07437 -0.733703 3.82349 -2.88598 0.641803 -9.25165 -1.18433 -44.4957 0.192749 0.5 
data/to-extract/iggy.wav 150.023 0.136914 0.896722 0.00171984 -221.281 38.6328 -12.5775 5.47586 5.19979 0.584582 -4.69104 1.31739 -1.94867 -3.4445 -2.40928e-14 3.4445 1.94867 -1.31739 4.69104 -0.584582 -5.19979 -5.47586 12.5775 -38.6328 0.200439 0.5 
data/to-extract/iggy.wav 150.731 0.0739816 0.80195 0.0030083 -231.236 49.9115 -2.94383 8.71102 6.40839 -0.462038 -3.75523 1.38216 1.74579 -0.186836 -2.60381e-14 0.186836 -1.74579 -1.38216 3.75523 0.462038 -6.40839 -8.71102 2.94383 -49.9115 0.140991 0.5 
data/to-extract/iggy.wav 151.438 0.0916847 1.00215 0.0023951 -228.993 46.5829 0.457547 3.40559 -2.03138 2.33527 -1.12938 2.52251 0.704657 0.480198 -3.56599e-14 -0.480198 -0.704657 -2.52251 1.12938 -2.33527 2.03138 -3.40559 -0.457547 -46.5829 0.184326 0.5 
data/to-extract/iggy.wav 152.146 0.192986 0.995186 0.00214543 -226.844 30.8838 5.01987 3.46488 1.60094 5.76527 -2.30622 5.56185 2.80963 -1.06215 -4.26805e-14 1.06215 -2.80963 -5.56185 2.30622 -5.76527 -1.60094 -3.46488 -5.01987 -30.8838 0.358765 0.5 
data/to-extract/iggy.wav 152.854 0.211894 1.1354 0.00175272 -227.705 22.101 -2.60302 12.7795 -0.418936 2.07595 -1.28227 2.86567 -0.127782 -0.69354 -3.4441e-14 0.69354 0.127782 -2.86567 1.28227 -2.07595 0.418936 -12.7795 2.60302 -22.101 0.322632 0.5 
data/to-extract/iggy.wav 153.561 0.0840996 0.859072 0.00261711 -231.301 47.0432 -1.21519 9.73575 2.09865 -2.13751 -4.25994 1.88162 2.01965 0.918123 -2.81319e-14 -0.918123 -2.01965 -1.88162 4.25994 2.13751 -2.09865 -9.73575 1.21519 -47.0432 0.167236 0.5 
data/to-extract/iggy.wav 154.269 0.105126 0.901362 0.00299041 -219.982 43.8469 -0.409253 7.95313 -0.0159112 1.60156 -1.85321 1.89314 1.20788 0.765588 -3.16053e-14 -0.765588 -1.20788 -1.89314 1.85321 -1.60156 0.0159112 -7.95313 0.409253 -43.8469 0.226807 0.5 
data/to-extract/iggy.wav 154.977 0.141292 0.885627 0.00329725 -217.531 36.3063 -1.62015 16.3154 2.16698 3.37831 0.140835 2.6575 3.69137 2.29285 -2.95374e-14 -2.29285 -3.69137 -2.6575 -0.140835 -3.37831 -2.16698 -16.3154 1.62015 -36.3063 0.265381 0.5 
data/to-extract/iggy.wav 155.684 0.169064 0.920421 0.00166669 -225.104 32.5196 -0.279977 11.0817 -3.12033 3.4237 -1.05856 1.06754 1.16084 -0.265602 -3.85179e-14 0.265602 -1.16084 -1.06754 1.05856 -3.4237 3.12033 -11.0817 0.279977 -32.5196 0.349609 0.5 
data/to-extract/iggy.wav 156.392 0.0733591 0.722301 0.00460085 -230.396 46.6647 -5.46828 10.3882 9.03008 5.05971 0.300218 2.89424 2.69278 1.02279 -2.58838e-14 -1.02279 -2.69278 -2.89424 -0.300218 -5.05971 -9.03008 -10.3882 5.46828 -46.6647 0.162842 0.5 
data/to-extract/iggy.wav 157.1 0.128894 0.654293 0.00326383 -223.783 36.2305 -5.63667 11.5926 1.92788 11.2637 2.70884 1.9961 0.908928 0.728486 -3.64781e-14 -0.728486 -0.908928 -1.9961 -2.70884 -11.2637 -1.92788 -11.5926 5.63667 -36.2305 0.281128 0.5 
data/to-extract/iggy.wav 157.807 0.215936 0.745399 0.002411 -215.085 24.7702 4.46096 13.8826 -1.38223 8.24783 -1.64181 -0.657049 -2.90952 -1.60823 -4.3529e-14 1.60823 2.90952 0.657049 1.64181 -8.24783 1.38223 -13.8826 -4.46096 -24.7702 0.436401 0.5 
data/to-extract/iggy.wav 158.515 0.167169 1.10702 0.00224186 -218.764 32.9817 -1.20047 11.8917 0.0396337 7.92699 -0.816551 -0.854884 -2.12463 -0.851746 -3.83348e-14 0.851746 2.12463 0.854884 0.816551 -7.92699 -0.0396337 -11.8917 1.20047 -32.9817 0.362793 0.5 
data/to-extract/iggy.wav 159.223 0.0927574 0.772015 0.00228424 -242.904 40.5165 7.14613 11.1576 2.51132 7.39598 -0.495443 0.252436 -0.48742 -1.21718 -4.42445e-14 1.21718 0.48742 -0.252436 0.495443 -7.39598 -2.51132 -11.1576 -7.14613 -40.5165 0.198486 0.5 
data/to-extract/iggy.wav 159.93 0.149458 0.950884 0.0028034 -219.245 33.9836 -2.37733 13.6383 3.31887 8.21159 -0.8975 -1.92226 -4.65811 -3.03364 -3.58471e-14 3.03364 4.65811 1.92226 0.8975 -8.21159 -3.31887 -13.6383 2.37733 -33.9836 0.315918 0.5 
data/to-extract/iggy.wav 160.638 0.143503 0.833129 0.00272469 -225.507 32.6236 1.05929 17.5141 4.91297 5.1949 -2.54069 1.84704 -0.494881 -0.156313 -3.35972e-14 0.156313 0.494881 -1.84704 2.54069 -5.1949 -4.91297 -17.5141 -1.05929 -32.6236 0.324829 0.5 
data/to-extract/iggy.wav 161.346 0.154674 0.8897 0.00301372 -207.05 32.8315 -9.72347 7.61421 0.132224 6.65699 -0.52409 0.587612 -1.3161 -1.63672 -3.14274e-14 1.63672 1.3161 -0.587612 0.52409 -6.65699 -0.132224 -7.61421 9.72347 -32.8315 0.304321 0.5 
data/to-extract/iggy.wav 162.053 0.0889872 0.809646 0.00211384 -229.639 48.3979 -9.30749 2.01485 -1.06073 2.39743 -0.61875 -0.907281 0.495925 -1.66826 -3.19654e-14 1.66826 -0.495925 0.907281 0.61875 -2.39743 1.06073 -2.01485 9.30749 -48.3979 0.157104 0.5 
data/to-extract/iggy.wav 162.761 0.123398 0.806037 0.00304925 -215.845 39.487 -2.24847 4.8994 1.34785 8.39065 -0.395364 1.12909 -1.65441 -0.34726 -3.60425e-14 0.34726 1.65441 -1.12909 0.395364 -8.39065 -1.34785 -4.8994 2.24847 -39.487 0.283325 0.5 
data/to-extract/iggy.wav 163.468 0.107592 0.793123 0.00239766 -229.34 44.1095 2.58178 5.15808 2.41575 7.45205 -0.282715 1.74518 -0.523928 -0.393341 -3.88654e-14 0.393341 0.523928 -1.74518 0.282715 -7.45205 -2.41575 -5.15808 -2.58178 -44.1095 0.231445 0.5 
data/to-extract/iggy.wav 164.176 0.173868 0.938543 0.0023328 -218.932 31.6255 -4.93514 8.82258 1.05452 5.21 -0.470105 2.84557 -1.96912 -0.647982 -3.19423e-14 0.647982 1.96912 -2.84557 0.470105 -5.21 -1.05452 -8.82258 4.93514 -31.6255 0.316162 0.5 
data/to-extract/iggy.wav 164.884 0.177484 0.91504 0.00198856 -229.656 30.0941 1.07569 10.8422 3.47823 2.29523 -1.39592 2.04377 -0.96417 -0.547483 -3.29656e-14 0.547483 0.96417 -2.04377 1.39592 -2.29523 -3.47823 -10.8422 -1.07569 -30.0941 0.293091 0.5 
data/to-extract/iggy.wav 165.591 0.166885 1.0262 0.00191675 -227.358 31.7705 -1.826 7.59189 1.16599 5.67873 0.293874 0.577181 -2.73454 -0.118233 -3.50331e-14 0.118233 2.73454 -0.577181 -0.293874 -5.67873 -1.16599 -7.59189 1.826 -31.7705 0.330933 0.5 
data/to-extract/iggy.wav 166.299 0.127839 0.942272 0.0022254 -230.342 37.248 4.42489 11.6911 0.300052 6.95126 -2.8052 2.02046 0.527983 -1.20926 -4.33987e-14 1.20926 -0.527983 -2.02046 2.8052 -6.95126 -0.300052 -11.6911 -4.42489 -37.248 0.31665 0.5 
data/to-extract/iggy.wav 167.007 0.170222 0.958301 0.00159715 -217.713 30.4354 -8.54412 11.7964 -1.81179 3.7352 -3.108 0.904562 -0.945296 -1.35086 -3.29951e-14 1.35086 0.945296 -0.904562 3.108 -3.7352 1.81179 -11.7964 8.54412 -30.4354 0.343262 0.5 
data/to-extract/iggy.wav 167.714 0.162094 0.732854 0.00411672 -198.986 32.6 -9.2863 6.88301 -3.93969 5.31015 0.792699 4.62292 -0.0866683 -0.0751338 -2.99079e-14 0.0751338 0.0866683 -4.62292 -0.792699 -5.31015 3.93969 -6.88301 9.2863 -32.6 0.339233 0.5 
data/to-extract/iggy.wav 168.422 0.116775 0.822915 0.00334908 -211.806 42.305 -12.3096 4.26799 -1.39883 8.02385 0.493485 1.7008 -0.707327 0.124374 -3.09242e-14 -0.124374 0.707327 -1.7008 -0.493485 -8.02385 1.39883 -4.26799 12.3096 -42.305 0.227295 0.5 
data/to-extract/iggy.wav 169.13 0.161297 0.925916 0.00320367 -202 33.525 -15.5889 0.904182 -7.28036 3.13769 -3.30376 0.908193 -0.947079 -1.37447 -3.13927e-14 1.37447 0.947079 -0.908193 3.30376 -3.13769 7.28036 -0.904182 15.5889 -33.525 0.29834 0.5 
data/to-extract/iggy.wav 169.837 0.0734306 0.949595 0.00310296 -229.476 53.4916 -7.88882 -0.181086 -1.77962 -0.535499 0.244537 -0.221776 1.13414 0.227135 -2.80351e-14 -0.227135 -1.13414 0.221776 -0.244537 0.535499 1.77962 0.181086 7.88882 -53.4916 0.135742 0.5 
data/to-extract/iggy.wav 170.545 0.154203 0.912525 0.00283183 -204.423 36.0667 -11.9065 4.61742 -6.481 2.58186 -2.66894 2.15407 -0.813272 -0.0585226 -3.01619e-14 0.0585226 0.813272 -2.15407 2.66894 -2.58186 6.481 -4.61742 11.9065 -36.0667 0.294189 0.5 
data/to-extract/iggy.wav 171.253 0.117365 0.915721 0.00237525 -220.172 42.0027 -12.4643 4.7188 -1.35015 2.72229 -2.87151 0.878901 -0.383533 -0.310032 -2.87204e-14 0.310032 0.383533 -0.878901 2.87151 -2.72229 1.35015 -4.7188 12.4643 -42.0027 0.21106 0.5 
data/to-extract/iggy.wav 171.96 0.148736 0.966863 0.00237821 -212.869 36.5924 -11.9726 0.526535 -9.04115 0.401137 -3.95836 0.791813 -2.50838 -1.4908 -3.28351e-14 1.4908 2.50838 -0.791813 3.95836 -0.401137 9.04115 -0.526535 11.9726 -36.5924 0.286499 0.5 
data/to-extract/iggy.wav 172.668 0.123197 0.855282 0.00357015 -208.268 41.1241 -10.4034 10.9302 0.353257 4.18353 -0.774556 1.99593 0.338323 -0.231987 -2.64394e-14 0.231987 -0.338323 -1.99593 0.774556 -4.18353 -0.353257 -10.9302 10.4034 -41.1241 0.25415 0.5 
data/to-extract/iggy.wav 173.376 0.151262 1.00696 0.0030926 -204.458 37.1891 -10.7608 3.82828 -6.15412 2.78646 -2.34051 0.702081 -1.57845 -1.60442 -3.17713e-14 1.60442 1.57845 -0.702081 2.34051 -2.78646 6.15412 -3.82828 10.7608 -37.1891 0.295166 0.5 
data/to-extract/iggy.wav 174.083 0.174682 0.766944 0.00233555 -217.062 33.3269 -6.4176 10.1425 -3.49876 7.03309 -1.18801 2.33566 -1.34186 -1.02204 -3.70518e-14 1.02204 1.34186 -2.33566 1.18801 -7.03309 3.49876 -10.1425 6.4176 -33.3269 0.319824 0.5 
data/to-extract/iggy.wav 174.791 0.161708 0.881267 0.0024628 -212.934 32.4719 -14.1148 1.94146 -4.57104 2.87846 -3.61473 -0.14499 -1.61231 -1.4195 -3.17063e-14 1.4195 1.61231 0.14499 3.61473 -2.87846 4.57104 -1.94146 14.1148 -32.4719 0.287598 0.5 
data/to-extract/iggy.wav 175.499 0.129654 0.863684 0.00317528 -226.455 44.5636 -0.0943909 6.05311 3.85206 3.86666 1.32013 1.24839 0.244355 -0.853372 -3.19015e-14 0.853372 -0.244355 -1.24839 -1.32013 -3.86666 -3.85206 -6.05311 0.0943909 -44.5636 0.234497 0.5 
data/to-extract/iggy.wav 176.206 0.156192 0.937276 0.00262903 -207.964 36.5861 -9.38063 4.54157 -3.18625 4.57732 -2.4666 0.836903 -0.861524 -1.44315 -3.29852e-14 1.44315 0.861524 -0.836903 2.4666 -4.57732 3.18625 -4.54157 9.38063 -36.5861 0.308838 0.5 
data/to-extract/iggy.wav 176.914 0.154741 0.849599 0.00242298 -216.266 34.5214 -5.61801 6.22087 -5.12994 4.0685 -4.05165 0.518263 -2.16697 -1.89696 -3.78832e-14 1.89696 2.16697 -0.518263 4.05165 -4.0685 5.12994 -6.22087 5.61801 -34.5214 0.335693 0.5 
data/to-extract/iggy.wav 177.622 0.169616 0.9731 0.00195603 -214.156 30.3926 -15.2684 1.50647 -5.68277 1.27473 -5.25571 0.0640004 -1.3653 -1.07437 -3.12957e-14 1.07437 1.3653 -0.0640004 5.25571 -1.27473 5.68277 -1.50647 15.2684 -30.3926 0.328491 0.5 
data/to-extract/iggy.wav 178.329 0.109655 0.971998 0.004149 -210.925 43.1506 -9.65684 8.69733 -2.35877 3.3581 3.89297 5.75077 -1.45134 0.21746 -2.406e-14 -0.21746 1.45134 -5.75077 -3.89297 -3.3581 2.35877 -8.69733 9.65684 -43.1506 0.223267 0.5 
data/to-extract/iggy.wav 179.037 0.156394 0.72466 0.00354216 -209.995 32.0087 -3.07217 6.92981 -1.72187 7.24023 1.04657 3.31818 0.108174 -0.507028 -3.62207e-14 0.507028 -0.108174 -3.31818 -1.04657 -7.24023 1.72187 -6.92981 3.07217 -32.0087 0.349365 0.5 
data/to-extract/iggy.wav 179.745 0.171651 0.771525 0.00232037 -220.219 31.6079 -4.38388 11.2907 -3.11113 6.75693 -0.108222 2.8015 -0.685345 -1.2411 -3.80274e-14 1.2411 0.685345 -2.8015 0.108222 -6.75693 3.11113 -11.2907 4.38388 -31.6079 0.318237 0.5 
data/to-extract/iggy.wav 180.452 0.160758 0.954622 0.00250087 -213.282 31.165 -11.3809 3.18562 -3.78106 4.14672 -1.2363 -0.577612 -1.01118 -0.541727 -3.26442e-14 0.541727 1.01118 0.577612 1.2363 -4.14672 3.78106 -3.18562 11.3809 -31.165 0.316895 0.5 
data/to-extract/iggy.wav 181.16 0.0883624 0.903964 0.00398741 -226.799 42.3832 -2.54222 9.77497 2.13032 6.16079 0.70855 2.75872 0.116645 0.462315 -3.29849e-14 -0.462315 -0.116645 -2.75872 -0.70855 -6.16079 -2.13032 -9.77497 2.54222 -42.3832 0.185913 0.5 
data/to-extract/iggy.wav 181.868 0.202307 0.90295 0.00272295 -207.315 26.8272 -6.22351 7.60829 -5.29561 6.6977 -1.19748 0.813098 -0.567493 -0.3001 -3.80056e-14 0.3001 0.567493 -0.813098 1.19748 -6.6977 5.29561 -7.60829 6.22351 -26.8272 0.388184 0.5 
data/to-extract/iggy.wav 182.575 0.175698 0.999225 0.00353462 -210.482 35.7731 -6.65432 7.16128 -4.77071 1.25405 -1.68596 1.63351 -0.243091 -0.323994 -3.11383e-14 0.323994 0.243091 -1.63351 1.68596 -1.25405 4.77071 -7.16128 6.65432 -35.7731 0.31189 0.5 
data/to-extract/iggy.wav 183.283 0.148761 1.07007 0.0030127 -218.055 32.8624 -8.33402 5.2305 -2.32584 5.24068 -0.307164 2.4628 0.110002 0.357071 -3.32932e-14 -0.357071 -0.110002 -2.4628 0.307164 -5.24068 2.32584 -5.2305 8.33402 -32.8624 0.290283 0.5 
data/to-extract/iggy.wav 183.99 0.104609 0.726831 0.00431321 -211.05 44.8631 -10.5733 8.01087 0.743697 3.48826 0.694738 4.08944 -0.315521 -0.403141 -2.42199e-14 0.403141 0.315521 -4.08944 -0.694738 -3.48826 -0.743697 -8.01087 10.5733 -44.8631 0.206055 0.5 
data/to-extract/iggy.wav 184.698 0.130902 0.739186 0.00367036 -209.897 37.3256 -7.27957 7.43852 -0.958973 5.09968 0.833195 3.98048 -0.157738 -0.628033 -3.01387e-14 0.628033 0.157738 -3.98048 -0.833195 -5.09968 0.958973 -7.43852 7.27957 -37.3256 0.263306 0.5 
data/to-extract/iggy.wav 185.406 0.115572 0.939884 0.0027256 -217.971 40.5394 -8.2986 7.74529 -0.263507 4.89052 -2.70799 1.32931 -1.02088 -1.9286 -3.26316e-14 1.9286 1.02088 -1.32931 2.70799 -4.89052 0.263507 -7.74529 8.2986 -40.5394 0.213501 0.5 
data/to-extract/iggy.wav 186.113 0.155836 0.931595 0.00311313 -207.373 34.1682 -10.3041 3.97354 -5.10893 3.7477 -2.0523 -0.555552 -1.7169 -0.745348 -3.25407e-14 0.745348 1.7169 0.555552 2.0523 -3.7477 5.10893 -3.97354 10.3041 -34.1682 0.307251 0.5 
data/to-extract/iggy.wav 186.821 0.122675 0.904481 0.00375682 -209.31 41.1072 -10.5467 4.49969 -4.75975 2.97512 -2.10471 2.00306 -1.62341 -2.49021 -3.14357e-14 2.49021 1.62341 -2.00306 2.10471 -2.97512 4.75975 -4.49969 10.5467 -41.1072 0.233032 0.5 
data/to-extract/iggy.wav 187.529 0.145158 0.964535 0.00337555 -203.012 38.4205 -7.59725 3.1048 -5.55155 1.64013 -3.39197 0.266613 -2.3327 -3.07911 -3.28602e-14 3.07911 2.3327 -0.266613 3.39197 -1.64013 5.55155 -3.1048 7.59725 -38.4205 0.290283 0.5 
data/to-extract/iggy.wav 188.236 0.121381 0.890394 0.00389187 -211.768 40.7142 -3.89301 6.57557 -3.31094 3.57341 -0.0670855 3.14945 0.585988 -3.9925 -3.58489e-14 3.9925 -0.585988 -3.14945 0.0670855 -3.57341 3.31094 -6.57557 3.89301 -40.7142 0.273315 0.5 
data/to-extract/iggy.wav 188.944 0.104415 0.953422 0.0036988 -216.197 45.4744 -2.9056 5.14782 -2.89956 2.8131 -1.51815 0.605567 0.430019 -0.70941 -3.42911e-14 0.70941 -0.430019 -0.605567 1.51815 -2.8131 2.89956 -5.14782 2.9056 -45.4744 0.214844 0.5 
data/to-extract/iggy.wav 189.652 0.0533538 0.69676 0.00437002 -235.736 55.7621 0.321489 5.3222 7.33935 1.4944 -1.60322 -0.190039 0.369384 -0.866782 -2.89153e-14 0.866782 -0.369384 0.190039 1.60322 -1.4944 -7.33935 -5.3222 -0.321489 -55.7621 0.100342 0.5 
data/to-extract/iggy.wav 190.359 0.0772061 0.594072 0.00314905 -235.866 47.3247 -2.30119 6.89467 4.34749 6.42355 2.4105 -0.0417988 0.813092 -0.176382 -3.37809e-14 0.176382 -0.813092 0.0417988 -2.4105 -6.42355 -4.34749 -6.89467 2.30119 -47.3247 0.164185 0.5 
data/to-extract/iggy.wav 191.067 0.104064 0.892294 0.00113566 -241.524 45.1642 -13.152 -1.81908 3.14821 -1.01446 -0.394811 -0.419408 0.27486 -0.455524 -2.44735e-14 0.455524 -0.27486 0.419408 0.394811 1.01446 -3.14821 1.81908 13.152 -45.1642 0.171509 0.5 
data/to-extract/iggy.wav 191.775 0.10668 0.831544 0.0028273 -223.193 41.4698 -6.23578 4.44713 0.0156664 2.78529 -0.0924377 0.512408 -0.499954 -0.345209 -3.04947e-14 0.345209 0.499954 -0.512408 0.0924377 -2.78529 -0.0156664 -4.44713 6.23578 -41.4698 0.205811 0.5 
data/to-extract/iggy.wav 192.482 0.144206 0.910468 0.00266956 -210.824 39.4329 -9.48649 2.02376 3.98212 1.89718 -2.51745 -1.6807 -3.18288 -1.37764 -2.43233e-14 1.37764 3.18288 1.6807 2.51745 -1.89718 -3.98212 -2.02376 9.48649 -39.4329 0.241943 0.5 
data/to-extract/iggy.wav 193.19 0.0959095 0.997621 0.0023207 -227.248 46.7412 -10.0267 1.26041 0.820496 2.20244 1.47701 0.180333 -0.337127 -0.498341 -2.71798e-14 0.498341 0.337127 -0.180333 -1.47701 -2.20244 -0.820496 -1.26041 10.0267 -46.7412 0.179688 0.5 
data/to-extract/iggy.wav 193.898 0.128392 0.972939 0.0024201 -225.156 39.6579 -11.179 1.83853 3.78767 2.8985 -0.687816 -0.929175 -0.227656 -0.504052 -2.68215e-14 0.504052 0.227656 0.929175 0.687816 -2.8985 -3.78767 -1.83853 11.179 -39.6579 0.218872 0.5 
data/to-extract/iggy.wav 194.605 0.0741189 0.866137 0.00286508 -235.918 52.9386 -5.21303 1.32495 1.65919 0.493556 0.997031 -0.45262 0.71088 0.616036 -2.80366e-14 -0.616036 -0.71088 0.45262 -0.997031 -0.493556 -1.65919 -1.32495 5.21303 -52.9386 0.142822 0.5 
data/to-extract/iggy.wav 195.313 0.0924562 1.058 0.00257202 -232.674 46.6345 -1.90641 4.76991 4.81733 1.25944 -4.17075 -3.52198 -1.98518 -0.479426 -3.06541e-14 0.479426 1.98518 3.52198 4.17075 -1.25944 -4.81733 -4.76991 1.90641 -46.6345 0.180176 0.5 
data/to-extract/iggy.wav 196.021 0.0673296 0.736009 0.00190436 -249.042 47.7953 1.13884 -0.514996 2.35018 5.25741 4.1606 1.53668 1.59729 2.47728 -3.61781e-14 -2.47728 -1.59729 -1.53668 -4.1606 -5.25741 -2.35018 0.514996 -1.13884 -47.7953 0.134766 0.5 
data/to-extract/iggy.wav 196.728 0.149125 0.938389 0.000860314 -241.301 32.9429 -13.1305 5.02249 -0.707866 -0.468454 0.0333561 0.505447 0.622321 1.25079 -2.7017e-14 -1.25079 -0.622321 -0.505447 -0.0333561 0.468454 0.707866 -5.02249 13.1305 -32.9429 0.255737 0.5 
data/to-extract/iggy.wav 197.436 0.157663 0.815629 0.0031329 -206.834 32.8392 -6.02209 12.443 -3.83923 6.05721 0.276522 2.09638 2.19737 -1.69077 -3.63232e-14 1.69077 -2.19737 -2.09638 -0.276522 -6.05721 3.83923 -12.443 6.02209 -32.8392 0.350586 0.5 
data/to-extract/iggy.wav 198.144 0.207761 0.961803 0.00258825 -200.4 24.4684 -11.4763 6.60595 -5.77054 4.31946 1.3159 3.37457 -0.830137 -1.58335 -3.12208e-14 1.58335 0.830137 -3.37457 -1.3159 -4.31946 5.77054 -6.60595 11.4763 -24.4684 0.395508 0.5 
data/to-extract/iggy.wav 198.851 0.191131 1.00265 0.0027295 -202.826 28.5823 -8.70778 10.0246 -5.87859 2.51285 -1.19327 1.42523 0.556554 -3.2775 -3.40434e-14 3.2775 -0.556554 -1.42523 1.19327 -2.51285 5.87859 -10.0246 8.70778 -28.5823 0.360962 0.5 
data/to-extract/iggy.wav 199.559 0.211439 0.970346 0.00298163 -198.044 25.0354 -10.3346 8.73533 -4.99767 3.45059 -2.48826 0.0457242 -0.252666 -2.29938 -3.30948e-14 2.29938 0.252666 -0.0457242 2.48826 -3.45059 4.99767 -8.73533 10.3346 -25.0354 0.388672 0.5 
data/to-extract/iggy.wav 200.267 0.10338 0.850508 0.00443666 -216.44 42.4702 -4.90195 16.3168 -3.44744 4.13211 3.044 -2.70607 2.50406 0.291153 -3.30137e-14 -0.291153 -2.50406 2.70607 -3.044 -4.13211 3.44744 -16.3168 4.90195 -42.4702 0.255005 0.5 
data/to-extract/iggy.wav 200.974 0.120544 0.699253 0.00378465 -214.004 40.8282 -11.0714 11.3851 4.61199 3.29975 -0.48075 0.0153577 0.791 0.623291 -2.26876e-14 -0.623291 -0.791 -0.0153577 0.48075 -3.29975 -4.61199 -11.3851 11.0714 -40.8282 0.238281 0.5 
data/to-extract/iggy.wav 201.682 0.0780623 0.819237 0.00250419 -235.431 51.6277 -13.2372 -6.49322 4.50859 6.33069 6.83681 1.21341 0.258289 1.55664 -2.47549e-14 -1.55664 -0.258289 -1.21341 -6.83681 -6.33069 -4.50859 6.49322 13.2372 -51.6277 0.112061 0.5 
data/to-extract/iggy.wav 202.39 0.126552 0.944934 0.00197682 -223.029 41.1109 -10.812 -2.71448 -8.51074 -2.26935 -1.77447 -0.224404 0.417943 0.782555 -3.07527e-14 -0.782555 -0.417943 0.224404 1.77447 2.26935 8.51074 2.71448 10.812 -41.1109 0.248169 0.5 
data/to-extract/iggy.wav 203.097 0.0933977 0.947921 0.00337551 -220.703 47.963 -1.69244 3.61334 1.4729 -0.0288311 -2.24798 1.11396 -0.469041 1.40285 -2.71879e-14 -1.40285 0.469041 -1.11396 2.24798 0.0288311 -1.4729 -3.61334 1.69244 -47.963 0.168335 0.5 
data/to-extract/iggy.wav 203.805 0.138399 0.849712 0.00261835 -214.878 37.3017 -7.06618 3.9794 1.00351 5.04275 0.295267 0.972379 -0.694633 -0.0750282 -3.03081e-14 0.0750282 0.694633 -0.972379 -0.295267 -5.04275 -1.00351 -3.9794 7.06618 -37.3017 0.259888 0.5 
data/to-extract/iggy.wav 204.512 0.0860477 0.842924 0.00246504 -232.839 49.0686 -7.10694 -0.23937 2.4152 2.11156 2.41068 3.05826 1.73741 0.758997 -2.71794e-14 -0.758997 -1.73741 -3.05826 -2.41068 -2.11156 -2.4152 0.23937 7.10694 -49.0686 0.161621 0.5 
data/to-extract/iggy.wav 205.22 0.147488 0.963289 0.00248405 -214.388 35.5876 -14.7428 0.187851 -1.45542 2.78714 -0.158261 -0.830148 -1.53344 -0.393448 -2.674e-14 0.393448 1.53344 0.830148 0.158261 -2.78714 1.45542 -0.187851 14.7428 -35.5876 0.262939 0.5 
data/to-extract/iggy.wav 205.928 0.0631528 0.910228 0.00313174 -231.899 57.2933 -5.28188 1.89911 4.18432 -0.182081 -1.21072 -1.99086 0.554699 0.215928 -2.56974e-14 -0.215928 -0.554699 1.99086 1.21072 0.182081 -4.18432 -1.89911 5.28188 -57.2933 0.110962 0.5 
data/to-extract/iggy.wav 206.635 0.103143 1.04104 0.00322301 -220.938 46.1247 -2.67616 5.56826 1.66881 4.1187 0.394163 0.680572 0.251103 0.339335 -3.10845e-14 -0.339335 -0.251103 -0.680572 -0.394163 -4.1187 -1.66881 -5.56826 2.67616 -46.1247 0.209717 0.5 
data/to-extract/iggy.wav 207.343 0.070083 0.940748 0.00144213 -249.716 49.1858 -4.55853 -5.21362 2.88189 2.63359 1.68649 1.00126 1.39663 1.08306 -3.26796e-14 -1.08306 -1.39663 -1.00126 -1.68649 -2.63359 -2.88189 5.21362 4.55853 -49.1858 0.120728 0.5 
data/to-extract/iggy.wav 208.051 0.177877 0.924184 0.00222293 -209.003 30.2584 -8.253 4.27381 -7.80593 1.9723 -2.88917 -0.127695 -1.79737 -1.70601 -3.5536e-14 1.70601 1.79737 0.127695 2.88917 -1.9723 7.80593 -4.27381 8.253 -30.2584 0.37793 0.5 
data/to-extract/iggy.wav 208.758 0.174508 0.882637 0.00266841 -205.301 31.6594 -10.5139 8.96533 -4.73361 3.62124 -2.26804 2.43573 -0.751599 -1.56855 -3.17327e-14 1.56855 0.751599 -2.43573 2.26804 -3.62124 4.73361 -8.96533 10.5139 -31.6594 0.352295 0.5 
data/to-extract/iggy.wav 209.466 0.203139 0.895917 0.00301714 -195.938 25.5877 -10.9572 7.36704 -4.74324 4.66869 -0.459105 2.48636 0.256238 -1.43651 -3.1637e-14 1.43651 -0.256238 -2.48636 0.459105 -4.66869 4.74324 -7.36704 10.9572 -25.5877 0.397705 0.5 
data/to-extract/iggy.wav 210.174 0.187207 0.872924 0.00290575 -203.349 29.324 -10.1251 10.1667 -3.61219 4.0591 0.455721 3.21571 2.23039 -2.26642 -3.19982e-14 2.26642 -2.23039 -3.21571 -0.455721 -4.0591 3.61219 -10.1667 10.1251 -29.324 0.35791 0.5 
data/to-extract/iggy.wav 210.881 0.222672 0.891321 0.000718838 -247.339 20.3615 -3.83104 9.05435 -4.57678 1.10179 -2.79193 0.661873 3.23937 -0.649148 -4.29695e-14 0.649148 -3.23937 -0.661873 2.79193 -1.10179 4.57678 -9.05435 3.83104 -20.3615 0.390503 0.5 
data/to-extract/iggy.wav 211.589 0.779831 0.836619 3.69298e-07 -316.227 -0.000424584 0.000384925 -0.000334197 0.000284241 -0.000241791 0.00020231 -0.000159478 0.000110284 -5.61827e-05 -5.2057e-14 5.61827e-05 -0.000110284 0.000159478 -0.00020231 0.000241791 -0.000284241 0.000334197 -0.000384925 0.000424584 0.95459 0.5 
data/to-extract/iggy.wav 212.297 0.775892 0.678642 3.60505e-07 -316.227 -0.000414488 0.000373115 -0.000321075 0.000271164 -0.000229738 0.000192906 -0.000153008 0.000106558 -5.46151e-05 -5.2057e-14 5.46151e-05 -0.000106558 0.000153008 -0.000192906 0.000229738 -0.000271164 0.000321075 -0.000373115 0.000414488 0.95459 0.5 
data/to-extract/iggy.wav 213.004 0.775549 0.63711 3.65561e-07 -316.227 -0.000432617 0.000391462 -0.000338547 0.000287189 -0.000242764 0.0002028 -0.000159511 0.000110369 -5.6252e-05 -5.2057e-14 5.6252e-05 -0.000110369 0.000159511 -0.0002028 0.000242764 -0.000287189 0.000338547 -0.000391462 0.000432617 0.953491 0.5 
data/to-extract/iggy.wav 213.712 0.777154 0.648045 3.5828e-07 -316.227 -0.000408335 0.000367513 -0.000316069 0.000266575 -0.000225524 0.000189334 -0.000150177 0.000104319 -5.36469e-05 -5.2057e-14 5.36469e-05 -0.000104319 0.000150177 -0.000189334 0.000225524 -0.000266575 0.000316069 -0.000367513 0.000408335 0.956421 0.5 
data/to-extract/iggy.wav 214.42 0.772706 0.671159 3.53284e-07 -316.227 -0.000404167 0.00036371 -0.000312531 0.000263479 -0.00022331 0.000188336 -0.000150029 0.000105233 -5.39611e-05 -5.2057e-14 5.39611e-05 -0.000105233 0.000150029 -0.000188336 0.00022331 -0.000263479 0.000312531 -0.00036371 0.000404167 0.954468 0.5 
data/to-extract/iggy.wav 215.127 0.776248 0.645238 3.59545e-07 -316.227 -0.000411613 0.000372169 -0.000322334 0.000273305 -0.000231055 0.000193563 -0.000152476 0.00010565 -5.40191e-05 -5.2057e-14 5.40191e-05 -0.00010565 0.000152476 -0.000193563 0.000231055 -0.000273305 0.000322334 -0.000372169 0.000411613 0.954346 0.5 
data/to-extract/iggy.wav 215.835 0.774286 0.64925 3.58475e-07 -316.227 -0.000417998 0.000377136 -0.000324948 0.000273696 -0.000231247 0.000193749 -0.000153266 0.000106748 -5.50691e-05 -5.2057e-14 5.50691e-05 -0.000106748 0.000153266 -0.000193749 0.000231247 -0.000273696 0.000324948 -0.000377136 0.000417998 0.954712 0.5 
data/to-extract/iggy.wav 216.543 0.777741 0.666069 3.62396e-07 -316.227 -0.000416083 0.000376711 -0.000326439 0.000276202 -0.000234045 0.000194951 -0.000153465 0.000106241 -5.42067e-05 -5.2057e-14 5.42067e-05 -0.000106241 0.000153465 -0.000194951 0.000234045 -0.000276202 0.000326439 -0.000376711 0.000416083 0.956299 0.5 
data/to-extract/iggy.wav 217.25 0.776649 0.664091 3.68439e-07 -316.227 -0.000439218 0.000398011 -0.000345483 0.000293148 -0.000248995 0.000208119 -0.000164851 0.000114137 -5.87479e-05 -5.2057e-14 5.87479e-05 -0.000114137 0.000164851 -0.000208119 0.000248995 -0.000293148 0.000345483 -0.000398011 0.000439218 0.952026 0.5 
data/to-extract/iggy.wav 217.958 0.567348 0.427656 8.49574e-08 -316.228 -9.37996e-05 8.37307e-05 -7.12499e-05 5.92612e-05 -4.98768e-05 4.20328e-05 -3.38021e-05 2.36761e-05 -1.22877e-05 -5.20571e-14 1.22877e-05 -2.36761e-05 3.38021e-05 -4.20328e-05 4.98768e-05 -5.92612e-05 7.12499e-05 -8.37307e-05 9.37996e-05 0.239868 0.5 
data/to-extract/silence.wav 0 0.327175 0.780545 5.89143e-06 -315.561 0.294275 0.0123521 0.577664 0.426199 0.0245462 0.218776 0.279566 0.0302331 -0.00849397 -5.13781e-14 0.00849397 -0.0302331 -0.279566 -0.218776 -0.0245462 -0.426199 -0.577664 -0.0123521 -0.294275 0.630371 0.5 
data/to-extract/silence.wav 0.650159 0.238757 0.813857 2.43388e-05 -311.769 0.560326 -5.1205 -0.250501 4.66826 1.17772 -2.77433 -1.10055 1.57926 1.51789 -4.73758e-14 -1.51789 -1.57926 1.10055 2.77433 -1.17772 -4.66826 0.250501 5.1205 -0.560326 0.395264 0.5 
data/to-extract/silence.wav 1.30032 0.323491 0.897545 7.68419e-06 -315.236 0.400335 0.134683 0.951301 0.561665 0.197607 0.420842 0.334291 0.156558 0.0633687 -5.13105e-14 -0.0633687 -0.156558 -0.334291 -0.420842 -0.197607 -0.561665 -0.951301 -0.134683 -0.400335 0.623901 0.5 
data/to-extract/silence.wav 1.95048 0.328619 0.568487 5.90839e-06 -315.557 0.514406 0.309354 0.69597 0.57842 0.228078 0.341616 0.361844 0.131171 0.057492 -5.15204e-14 -0.057492 -0.131171 -0.361844 -0.341616 -0.228078 -0.57842 -0.69597 -0.309354 -0.514406 0.671997 0.5 
data/to-extract/silence.wav 2.60063 0.313443 0.588541 6.69044e-06 -315.308 0.674776 0.388789 0.974677 0.766634 0.217559 0.429989 0.515797 0.152562 0.0135064 -5.12696e-14 -0.0135064 -0.152562 -0.515797 -0.429989 -0.217559 -0.766634 -0.974677 -0.388789 -0.674776 0.642334 0.5 
data/to-extract/silence.wav 3.25079 0.294837 0.717172 7.11471e-06 -315.255 0.670058 0.222878 0.846544 0.885102 0.324396 0.30116 0.415484 0.233985 0.0989139 -5.12756e-14 -0.0989139 -0.233985 -0.415484 -0.30116 -0.324396 -0.885102 -0.846544 -0.222878 -0.670058 0.620972 0.5 
data/to-extract/silence.wav 3.90095 0.3054 0.818603 6.98129e-06 -315.185 0.710058 0.362179 0.964114 0.61403 0.0291062 0.259729 0.304649 0.00647223 -0.0235303 -5.12346e-14 0.0235303 -0.00647223 -0.304649 -0.259729 -0.0291062 -0.61403 -0.964114 -0.362179 -0.710058 0.599976 0.5 
data/to-extract/silence.wav 4.55111 0.227641 1.04469 1.43871e-05 -313.023 1.44565 -2.43947 -1.27063 1.77347 1.88415 0.116338 -0.638911 -0.170554 0.237652 -5.06924e-14 -0.237652 0.170554 0.638911 -0.116338 -1.88415 -1.77347 1.27063 2.43947 -1.44565 0.46106 0.5 
data/to-extract/silence.wav 5.20127 0.29962 0.88956 7.17275e-06 -315.241 0.507198 0.0657027 0.82268 0.568714 0.0524148 0.430722 0.334106 -0.0498637 0.115003 -5.09605e-14 -0.115003 0.0498637 -0.334106 -0.430722 -0.0524148 -0.568714 -0.82268 -0.0657027 -0.507198 0.623413 0.5 
data/to-extract/silence.wav 5.85143 0.294182 0.629641 7.00623e-06 -315.181 0.944888 0.617388 0.94868 0.669251 0.136101 0.240995 0.303529 0.0373538 -0.0385223 -5.14564e-14 0.0385223 -0.0373538 -0.303529 -0.240995 -0.136101 -0.669251 -0.94868 -0.617388 -0.944888 0.641724 0.5 
data/to-extract/silence.wav 6.50159 0.312308 0.667383 6.09517e-06 -315.42 0.667118 0.421867 0.805418 0.628526 0.198018 0.324271 0.381406 0.11789 0.0166907 -5.14815e-14 -0.0166907 -0.11789 -0.381406 -0.324271 -0.198018 -0.628526 -0.805418 -0.421867 -0.667118 0.658569 0.5 
data/to-extract/silence.wav 7.15175 0.328117 0.63482 5.30265e-06 -315.633 0.508239 0.343659 0.590082 0.471123 0.192291 0.24684 0.284162 0.115306 0.00845671 -5.1707e-14 -0.00845671 -0.115306 -0.284162 -0.24684 -0.192291 -0.471123 -0.590082 -0.343659 -0.508239 0.674561 0.5 
data/to-extract/silence.wav 7.8019 0.303601 0.748858 7.02037e-06 -315.146 0.673135 -0.0942084 0.220005 0.365501 0.412276 0.641815 0.344415 -0.235561 -0.309957 -5.16002e-14 0.309957 0.235561 -0.344415 -0.641815 -0.412276 -0.365501 -0.220005 0.0942084 -0.673135 0.595581 0.5 
data/to-extract/silence.wav 8.45206 0.254772 1.0272 1.98786e-05 -312.539 0.683472 -3.84735 -0.116309 3.69298 0.856954 -2.35635 -0.993054 1.24859 1.24011 -4.83938e-14 -1.24011 -1.24859 0.993054 2.35635 -0.856954 -3.69298 0.116309 3.84735 -0.683472 0.439819 0.5 
data/to-extract/silence.wav 9.10222 0.322339 0.694632 5.68128e-06 -315.562 0.310469 0.0215498 0.613335 0.416013 -0.0954185 0.16105 0.284627 0.00104081 -0.0425384 -5.12911e-14 0.0425384 -0.00104081 -0.284627 -0.16105 0.0954185 -0.416013 -0.613335 -0.0215498 -0.310469 0.658081 0.5 
data/to-extract/silence.wav 9.75238 0.309241 0.627238 6.59627e-06 -315.338 0.521542 0.172463 0.83808 0.57018 -0.0560764 0.23288 0.358904 -0.00351274 -0.0668271 -5.11651e-14 0.0668271 0.00351274 -0.358904 -0.23288 0.0560764 -0.57018 -0.83808 -0.172463 -0.521542 0.63501 0.5 
data/to-extract/silence.wav 10.4025 0.290484 0.794534 7.48816e-06 -315.08 0.519649 -0.226366 0.728197 0.793948 -0.0648833 -0.0224556 0.252461 0.0455463 -0.0424959 -5.08913e-14 0.0424959 -0.0455463 -0.252461 0.0224556 0.0648833 -0.793948 -0.728197 0.226366 -0.519649 0.609131 0.5 
data/to-extract/silence.wav 11.0527 0.258527 0.831894 1.77319e-05 -312.378 0.432885 -2.78275 1.85283 2.41851 -1.20002 -0.823539 0.582588 -0.175087 -0.25521 -4.67461e-14 0.25521 0.175087 -0.582588 0.823539 1.20002 -2.41851 -1.85283 2.78275 -0.432885 0.445068 0.5 
data/to-extract/silence.wav 11.7029 0.295278 0.974385 7.98405e-06 -315.071 0.512219 -0.0168292 0.581988 0.567005 0.230864 0.465081 0.464526 -0.101605 -0.0846103 -5.1192e-14 0.0846103 0.101605 -0.464526 -0.465081 -0.230864 -0.567005 -0.581988 0.0168292 -0.512219 0.596436 0.5 
data/to-extract/silence.wav 12.353 0.395447 0.606841 3.98066e-06 -315.548 0.49942 0.247308 0.611727 0.42117 0.0121489 0.166592 0.226352 -0.00918074 -0.0453875 -5.15112e-14 0.0453875 0.00918074 -0.226352 -0.166592 -0.0121489 -0.42117 -0.611727 -0.247308 -0.49942 0.306763 0.5 
