data/to-extract/sza.wav 0 0.052224 0.619271 0.000224683 -289.863 28.9857 14.0667 4.30324 0.31444 -0.465363 -0.101654 1.00351 2.13091 1.76524 -4.99975e-14 -1.76524 -2.13091 -1.00351 0.101654 0.465363 -0.31444 -4.30324 -14.0667 -28.9857 
data/to-extract/sza.wav 0.464399 0.0617517 0.790155 0.000494103 -275.162 37.2308 11.1025 5.35791 5.03603 4.33121 0.384062 -1.80958 -0.247945 0.0616693 -4.69077e-14 -0.0616693 0.247945 1.80958 -0.384062 -4.33121 -5.03603 -5.35791 -11.1025 -37.2308 
data/to-extract/sza.wav 0.928798 0.0479764 0.677802 0.000496159 -278.215 38.3151 14.4731 5.09172 4.17073 2.59442 -1.25904 -2.40222 0.0610719 1.03412 -4.82783e-14 -1.03412 -0.0610719 2.40222 1.25904 -2.59442 -4.17073 -5.09172 -14.4731 -38.3151 
data/to-extract/sza.wav 1.3932 0.1315 0.679665 0.000302551 -278.445 27.2946 12.3938 12.4458 -0.203427 2.44402 0.822046 -2.48274 -0.373308 0.130782 -5.0304e-14 -0.130782 0.373308 2.48274 -0.822046 -2.44402 0.203427 -12.4458 -12.3938 -27.2946 
data/to-extract/sza.wav 1.8576 0.0420087 0.706305 0.000702312 -283.417 33.9783 14.8005 6.66413 5.36383 5.29895 4.02867 2.41203 1.28204 0.139179 -4.92146e-14 -0.139179 -1.28204 -2.41203 -4.02867 -5.29895 -5.36383 -6.66413 -14.8005 -33.9783 
data/to-extract/sza.wav 2.322 0.04034 0.419029 0.000716751 -279.909 36.5545 12.6721 3.21534 3.62971 4.49217 4.52175 3.92962 2.14342 0.313003 -4.77878e-14 -0.313003 -2.14342 -3.92962 -4.52175 -4.49217 -3.62971 -3.21534 -12.6721 -36.5545 
data/to-extract/sza.wav 2.78639 0.0643932 0.562513 0.000583008 -271.329 37.9366 4.44333 -0.314128 2.98393 3.50294 3.97393 3.76579 2.24418 0.127447 -4.21237e-14 -0.127447 -2.24418 -3.76579 -3.97393 -3.50294 -2.98393 0.314128 -4.44333 -37.9366 
data/to-extract/sza.wav 3.25079 0.0635169 0.652314 0.000543379 -269.947 39.7565 5.75786 -0.101162 1.49875 1.74372 3.52492 2.92304 1.1611 0.563771 -4.11304e-14 -0.563771 -1.1611 -2.92304 -3.52492 -1.74372 -1.49875 0.101162 -5.75786 -39.7565 
data/to-extract/sza.wav 3.71519 0.0595645 0.749424 0.000918095 -271.729 35.9456 6.79805 3.70458 5.39631 6.49111 5.53009 4.78039 2.52748 0.350931 -4.35025e-14 -0.350931 -2.52748 -4.78039 -5.53009 -6.49111 -5.39631 -3.70458 -6.79805 -35.9456 
data/to-extract/sza.wav 4.17959 0.0967891 0.477055 0.000571415 -274.511 30.6821 5.69073 5.83197 5.05127 4.97838 4.04173 4.31357 2.30115 1.1219 -4.2444e-14 -1.1219 -2.30115 -4.31357 -4.04173 -4.97838 -5.05127 -5.83197 -5.69073 -30.6821 
data/to-extract/sza.wav 4.64399 0.0685312 0.546568 0.000532917 -284.057 28.1232 10.931 9.44751 7.46154 4.80971 2.9053 2.5928 2.12465 1.36489 -4.53507e-14 -1.36489 -2.12465 -2.5928 -2.9053 -4.80971 -7.46154 -9.44751 -10.931 -28.1232 
data/to-extract/sza.wav 5.10839 0.0388731 0.610751 0.000610318 -284.765 32.5902 13.8752 7.41407 7.86718 5.86213 2.25291 0.670957 0.728071 0.634388 -4.82776e-14 -0.634388 -0.728071 -0.670957 -2.25291 -5.86213 -7.86718 -7.41407 -13.8752 -32.5902 
data/to-extract/sza.wav 5.57279 0.07684 0.332475 0.000548994 -278.449 32.6421 9.68256 6.52277 6.96887 4.70053 0.428875 -0.45536 0.353401 1.30425 -4.49375e-14 -1.30425 -0.353401 0.45536 -0.428875 -4.70053 -6.96887 -6.52277 -9.68256 -32.6421 
data/to-extract/sza.wav 6.03719 0.117321 0.644822 0.00046398 -267.683 33.662 5.56757 7.12622 3.55939 2.29607 0.439135 0.0476497 0.135026 0.951319 -4.07783e-14 -0.951319 -0.135026 -0.0476497 -0.439135 -2.29607 -3.55939 -7.12622 -5.56757 -33.662 
data/to-extract/sza.wav 6.50159 0.161205 0.640293 0.000698004 -264.37 26.3115 10.731 12.1962 3.80963 4.94972 -2.69627 -1.58448 -1.33305 1.84607 -4.63718e-14 -1.84607 1.33305 1.58448 2.69627 -4.94972 -3.80963 -12.1962 -10.731 -26.3115 
data/to-extract/sza.wav 6.96599 0.118738 0.623328 0.000636514 -271.932 33.4888 10.8274 6.66559 -0.00524573 1.87263 -0.0883878 0.715191 -0.0143106 -0.597142 -4.79532e-14 0.597142 0.0143106 -0.715191 0.0883878 -1.87263 0.00524573 -6.66559 -10.8274 -33.4888 
data/to-extract/sza.wav 7.43039 0.165118 0.707668 0.000660284 -265.137 27.0986 10.3973 10.4928 0.286583 4.4709 -0.361014 0.943073 -0.381715 1.30688 -4.78322e-14 -1.30688 0.381715 -0.943073 0.361014 -4.4709 -0.286583 -10.4928 -10.3973 -27.0986 
data/to-extract/sza.wav 7.89478 0.148223 0.771798 0.000597026 -253.082 30.4808 -1.9678 5.24371 3.20179 7.40475 -2.3205 -0.371934 -0.176797 0.609766 -4.22254e-14 -0.609766 0.176797 0.371934 2.3205 -7.40475 -3.20179 -5.24371 1.9678 -30.4808 
data/to-extract/sza.wav 8.35918 0.15637 0.63366 0.000512623 -251.97 31.237 -2.45428 0.421171 -2.29608 3.26068 -2.16638 3.07155 -0.0104544 -0.544582 -4.21309e-14 0.544582 0.0104544 -3.07155 2.16638 -3.26068 2.29608 -0.421171 2.45428 -31.237 
data/to-extract/sza.wav 8.82358 0.148568 0.728064 0.000538287 -254.32 33.0398 0.994605 0.994816 -1.75424 4.04464 -1.70965 3.19584 0.620951 0.545947 -4.3762e-14 -0.545947 -0.620951 -3.19584 1.70965 -4.04464 1.75424 -0.994816 -0.994605 -33.0398 
data/to-extract/sza.wav 9.28798 0.120185 0.682486 0.000732884 -259.693 35.9086 5.00347 3.59227 -1.87838 3.06419 2.35034 2.74258 1.34287 0.956106 -4.34468e-14 -0.956106 -1.34287 -2.74258 -2.35034 -3.06419 1.87838 -3.59227 -5.00347 -35.9086 
data/to-extract/sza.wav 9.75238 0.11124 0.727954 0.000682491 -261.552 36.2212 4.99185 2.87078 -1.34454 1.43461 0.383151 1.96798 1.30744 0.660614 -4.29675e-14 -0.660614 -1.30744 -1.96798 -0.383151 -1.43461 1.34454 -2.87078 -4.99185 -36.2212 
data/to-extract/sza.wav 10.2168 0.117612 0.74915 0.000680063 -260.858 36.4494 4.66694 4.36708 -2.27222 -0.150134 -0.45134 1.72226 0.926135 -0.33289 -4.24793e-14 0.33289 -0.926135 -1.72226 0.45134 0.150134 2.27222 -4.36708 -4.66694 -36.4494 
data/to-extract/sza.wav 10.6812 0.133643 0.644284 0.000511789 -260.293 32.0334 -1.3121 2.72029 3.84246 5.93425 -1.40025 0.895087 0.954349 0.844932 -4.14796e-14 -0.844932 -0.954349 -0.895087 1.40025 -5.93425 -3.84246 -2.72029 1.3121 -32.0334 
data/to-extract/sza.wav 11.1456 0.171546 0.580817 0.000651149 -255.342 28.1077 -0.753277 4.99341 0.566327 4.47456 0.0352459 2.95838 0.00429107 -0.959762 -4.17947e-14 0.959762 -0.00429107 -2.95838 -0.0352459 -4.47456 -0.566327 -4.99341 0.753277 -28.1077 
data/to-extract/sza.wav 11.61 0.161841 0.633719 0.00051169 -256.902 28.3434 1.24728 5.55075 1.70003 7.13371 -2.31934 2.84073 -0.462771 0.148784 -4.50515e-14 -0.148784 0.462771 -2.84073 2.31934 -7.13371 -1.70003 -5.55075 -1.24728 -28.3434 
data/to-extract/sza.wav 12.0744 0.0949222 0.692883 0.00070241 -267.26 33.1385 5.02328 6.56192 5.79238 5.96851 0.225396 0.425761 0.970745 1.06479 -4.31453e-14 -1.06479 -0.970745 -0.425761 -0.225396 -5.96851 -5.79238 -6.56192 -5.02328 -33.1385 
data/to-extract/sza.wav 12.5388 0.121123 0.98005 0.000645802 -258.195 35.728 3.54236 3.26821 -2.46281 -0.513636 -1.45462 2.84536 1.18247 0.0565623 -4.14192e-14 -0.0565623 -1.18247 -2.84536 1.45462 0.513636 2.46281 -3.26821 -3.54236 -35.728 
data/to-extract/sza.wav 13.0032 0.142537 0.740176 0.000629851 -255.173 29.4745 0.860615 6.03058 -0.496671 5.04158 -1.45965 2.86229 1.47696 -0.151617 -4.46539e-14 0.151617 -1.47696 -2.86229 1.45965 -5.04158 0.496671 -6.03058 -0.860615 -29.4745 
data/to-extract/sza.wav 13.4676 0.113209 0.658979 0.000610531 -266.477 32.5557 5.53499 6.59224 2.54165 4.07614 -1.3764 0.540898 1.08566 0.748004 -4.48731e-14 -0.748004 -1.08566 -0.540898 1.3764 -4.07614 -2.54165 -6.59224 -5.53499 -32.5557 
data/to-extract/sza.wav 13.932 0.113302 0.598032 0.000544005 -264.133 36.0393 4.46324 1.95189 -2.61888 -1.10345 -1.2272 2.4927 1.39053 -0.237388 -4.28546e-14 0.237388 -1.39053 -2.4927 1.2272 1.10345 2.61888 -1.95189 -4.46324 -36.0393 
data/to-extract/sza.wav 14.3964 0.148018 0.585115 0.000453471 -260.33 30.4941 4.78001 5.67397 -2.66388 3.4314 -1.333 1.8779 2.10997 0.86556 -4.7258e-14 -0.86556 -2.10997 -1.8779 1.333 -3.4314 2.66388 -5.67397 -4.78001 -30.4941 
data/to-extract/sza.wav 14.8608 0.122873 0.707364 0.000695778 -265.678 31.0494 8.12821 8.80566 2.09955 4.55798 -1.15889 1.40095 1.68059 1.12426 -4.65954e-14 -1.12426 -1.68059 -1.40095 1.15889 -4.55798 -2.09955 -8.80566 -8.12821 -31.0494 
data/to-extract/sza.wav 15.3252 0.111749 0.644545 0.000591218 -264.828 35.8908 7.97748 5.65749 -1.05344 -1.79935 -1.27436 3.61355 0.77267 -0.932287 -4.23607e-14 0.932287 -0.77267 -3.61355 1.27436 1.79935 1.05344 -5.65749 -7.97748 -35.8908 
data/to-extract/sza.wav 15.7896 0.0944592 0.538857 0.000731335 -264.36 38.8654 6.41242 3.57434 0.955606 2.01053 0.446721 1.18275 0.967557 -0.639246 -4.36326e-14 0.639246 -0.967557 -1.18275 -0.446721 -2.01053 -0.955606 -3.57434 -6.41242 -38.8654 
data/to-extract/sza.wav 16.254 0.144715 0.712553 0.000513425 -257.099 34.2952 2.88302 2.42389 -2.44213 1.65308 -2.38017 1.64882 0.51446 0.301831 -4.37103e-14 -0.301831 -0.51446 -1.64882 2.38017 -1.65308 2.44213 -2.42389 -2.88302 -34.2952 
data/to-extract/sza.wav 16.7184 0.131561 0.855632 0.000607391 -259.696 33.2352 3.53559 4.29449 1.5534 6.01836 -0.5317 -0.671766 0.205235 0.979765 -4.50512e-14 -0.979765 -0.205235 0.671766 0.5317 -6.01836 -1.5534 -4.29449 -3.53559 -33.2352 
data/to-extract/sza.wav 17.1828 0.129985 0.64191 0.0004222 -263.556 32.8603 4.0109 4.7793 1.28832 3.48183 0.546647 0.438936 0.945435 0.601359 -4.32722e-14 -0.601359 -0.945435 -0.438936 -0.546647 -3.48183 -1.28832 -4.7793 -4.0109 -32.8603 
data/to-extract/sza.wav 17.6472 0.12809 0.745395 0.000693304 -264.985 31.9396 7.05631 8.86581 2.60294 5.65471 0.731375 -0.270591 0.927214 1.86302 -4.51607e-14 -1.86302 -0.927214 0.270591 -0.731375 -5.65471 -2.60294 -8.86581 -7.05631 -31.9396 
data/to-extract/sza.wav 18.1116 0.148294 0.696588 0.000652575 -265.388 30.3248 10.7222 8.8648 -2.83041 4.04561 0.775148 -0.560837 -0.310879 0.547869 -5.0348e-14 -0.547869 0.310879 0.560837 -0.775148 -4.04561 2.83041 -8.8648 -10.7222 -30.3248 
data/to-extract/sza.wav 18.576 0.153459 0.587189 0.000562314 -267.293 30.9535 11.43 5.08792 -2.81733 3.0099 0.567855 1.29392 -1.24044 -0.525785 -5.03003e-14 0.525785 1.24044 -1.29392 -0.567855 -3.0099 2.81733 -5.08792 -11.43 -30.9535 
data/to-extract/sza.wav 19.0404 0.18301 0.576116 0.000505072 -262.039 25.7267 4.70231 10.346 0.0325701 5.42456 -0.226079 -0.258303 -1.17323 0.377407 -4.61986e-14 -0.377407 1.17323 0.258303 0.226079 -5.42456 -0.0325701 -10.346 -4.70231 -25.7267 
data/to-extract/sza.wav 19.5048 0.150612 0.756074 0.000635851 -260.169 30.0084 0.776123 5.61982 3.35754 6.95502 -1.47961 0.692485 0.186443 -0.449554 -4.46325e-14 0.449554 -0.186443 -0.692485 1.47961 -6.95502 -3.35754 -5.61982 -0.776123 -30.0084 
data/to-extract/sza.wav 19.9692 0.179622 0.56939 0.000456195 -254.409 30.3106 2.13445 3.64734 -3.65612 3.44031 -2.05253 1.3646 -0.83684 -0.636603 -4.60043e-14 0.636603 0.83684 -1.3646 2.05253 -3.44031 3.65612 -3.64734 -2.13445 -30.3106 
data/to-extract/sza.wav 20.4336 0.14031 0.790114 0.000652785 -265.682 30.1338 6.57728 7.60899 -0.0648041 3.63698 1.06686 2.37794 1.48002 1.98658 -4.46291e-14 -1.98658 -1.48002 -2.37794 -1.06686 -3.63698 0.0648041 -7.60899 -6.57728 -30.1338 
data/to-extract/sza.wav 20.898 0.0950804 0.54561 0.000634337 -274.375 34.09 10.2424 5.31504 1.89069 3.67213 1.64313 0.80294 0.947822 0.149895 -4.7713e-14 -0.149895 -0.947822 -0.80294 -1.64313 -3.67213 -1.89069 -5.31504 -10.2424 -34.09 
data/to-extract/sza.wav 21.3624 0.144314 0.650376 0.000502159 -262.544 31.5378 7.52977 7.77971 -1.95847 0.144842 -1.68236 0.89434 -0.378643 -0.924143 -4.51036e-14 0.924143 0.378643 -0.89434 1.68236 -0.144842 1.95847 -7.77971 -7.52977 -31.5378 
data/to-extract/sza.wav 21.8268 0.143304 0.60133 0.0005375 -264.32 29.5948 6.1578 5.63226 0.457574 5.90204 1.00854 1.2656 0.014054 1.2226 -4.67056e-14 -1.2226 -0.014054 -1.2656 -1.00854 -5.90204 -0.457574 -5.63226 -6.1578 -29.5948 
data/to-extract/sza.wav 22.2912 0.109895 0.68755 0.000687209 -261.896 34.0148 1.23959 4.85724 5.61914 4.41935 -0.457752 1.33118 0.268966 1.2922 -3.83014e-14 -1.2922 -0.268966 -1.33118 0.457752 -4.41935 -5.61914 -4.85724 -1.23959 -34.0148 
data/to-extract/sza.wav 22.7556 0.173962 0.532513 0.000434476 -257.008 28.6273 1.7614 5.36457 0.96866 4.068 -4.23917 0.494729 -0.164746 0.759993 -4.38003e-14 -0.759993 0.164746 -0.494729 4.23917 -4.068 -0.96866 -5.36457 -1.7614 -28.6273 
data/to-extract/sza.wav 23.22 0.136342 0.563066 0.000652325 -262.698 29.8533 6.43994 7.80839 1.42156 6.12356 0.482521 0.7497 -0.446616 0.795595 -4.62252e-14 -0.795595 0.446616 -0.7497 -0.482521 -6.12356 -1.42156 -7.80839 -6.43994 -29.8533 
data/to-extract/sza.wav 23.6844 0.12333 0.82252 0.000560057 -265.139 32.3651 6.62945 6.61282 -0.729125 0.53405 -0.28786 1.65183 1.59217 1.70359 -4.2696e-14 -1.70359 -1.59217 -1.65183 0.28786 -0.53405 0.729125 -6.61282 -6.62945 -32.3651 
data/to-extract/sza.wav 24.1488 0.145013 0.658241 0.000463656 -254.836 31.9169 -2.75438 1.79769 -0.536154 2.62516 -1.34766 2.99112 0.842177 0.6304 -3.92792e-14 -0.6304 -0.842177 -2.99112 1.34766 -2.62516 0.536154 -1.79769 2.75438 -31.9169 
data/to-extract/sza.wav 24.6132 0.12134 0.547603 0.0005556 -259.418 35.4534 3.24678 2.6513 -1.7583 1.61579 -1.28696 1.66061 0.302036 0.839856 -4.24947e-14 -0.839856 -0.302036 -1.66061 1.28696 -1.61579 1.7583 -2.6513 -3.24678 -35.4534 
data/to-extract/sza.wav 25.0776 0.11021 0.899473 0.000631424 -263.712 35.9505 7.2933 5.0217 -0.884285 -0.0122723 -0.640185 2.31886 1.63511 1.52676 -4.22732e-14 -1.52676 -1.63511 -2.31886 0.640185 0.0122723 0.884285 -5.0217 -7.2933 -35.9505 
data/to-extract/sza.wav 25.542 0.157121 0.728137 0.000449603 -252.798 31.0132 -2.73923 1.99086 -2.01207 2.16756 -2.52022 1.89567 1.30273 0.261934 -4.10685e-14 -0.261934 -1.30273 -1.89567 2.52022 -2.16756 2.01207 -1.99086 2.73923 -31.0132 
data/to-extract/sza.wav 26.0063 0.106593 0.730908 0.000709102 -260.722 36.1915 4.98088 2.61968 -0.56925 3.12989 -0.03253 3.47469 1.26996 -0.557594 -4.48166e-14 0.557594 -1.26996 -3.47469 0.03253 -3.12989 0.56925 -2.61968 -4.98088 -36.1915 
data/to-extract/sza.wav 26.4707 0.106795 0.544675 0.000569066 -265.068 36.4957 7.28755 3.87435 -0.761401 1.09726 -0.315265 2.20218 1.44031 0.0869782 -4.45923e-14 -0.0869782 -1.44031 -2.20218 0.315265 -1.09726 0.761401 -3.87435 -7.28755 -36.4957 
data/to-extract/sza.wav 26.9351 0.140804 0.716018 0.000388873 -261.713 32.8244 3.37726 3.32099 -3.4075 -0.954746 -1.36079 1.75287 -0.0500336 -0.700172 -4.27064e-14 0.700172 0.0500336 -1.75287 1.36079 0.954746 3.4075 -3.32099 -3.37726 -32.8244 
data/to-extract/sza.wav 27.3995 0.118975 0.813135 0.000517301 -263.1 36.1225 5.49803 2.56278 -2.10753 -1.6635 -0.812768 3.29089 0.373087 -0.694404 -4.15585e-14 0.694404 -0.373087 -3.29089 0.812768 1.6635 2.10753 -2.56278 -5.49803 -36.1225 
data/to-extract/sza.wav 27.8639 0.108799 0.692936 0.00053424 -262.864 38.6499 4.95533 -0.359288 -3.51248 -1.70867 -0.389094 2.17597 -0.492919 -1.52077 -4.26455e-14 1.52077 0.492919 -2.17597 0.389094 1.70867 3.51248 0.359288 -4.95533 -38.6499 
data/to-extract/sza.wav 28.3283 0.160596 0.805914 0.000543632 -246.976 31.2804 -1.9801 0.922011 -2.25186 1.3286 -0.441535 1.34519 -0.0951012 0.613833 -3.80746e-14 -0.613833 0.0951012 -1.34519 0.441535 -1.3286 2.25186 -0.922011 1.9801 -31.2804 
data/to-extract/sza.wav 28.7927 0.152985 0.736623 0.000534866 -260.458 30.7496 9.16928 4.6189 0.494102 2.79437 -1.31453 2.1114 -0.214636 1.22243 -4.5054e-14 -1.22243 0.214636 -2.1114 1.31453 -2.79437 -0.494102 -4.6189 -9.16928 -30.7496 
data/to-extract/sza.wav 29.2571 0.191453 0.813982 0.00031576 -272.924 27.6603 14.3635 5.10577 -2.44593 3.02633 0.417896 1.75712 -1.26748 0.892225 -5.17854e-14 -0.892225 1.26748 -1.75712 -0.417896 -3.02633 2.44593 -5.10577 -14.3635 -27.6603 
data/to-extract/sza.wav 29.7215 0.20483 0.923463 0.00022727 -273.657 23.0003 6.32845 5.14719 -0.943816 4.25476 -0.488549 0.835257 0.38114 0.679461 -4.99642e-14 -0.679461 -0.38114 -0.835257 0.488549 -4.25476 0.943816 -5.14719 -6.32845 -23.0003 
data/to-extract/sza.wav 30.1859 0.127667 0.991339 0.000551726 -278.228 26.6197 14.8761 9.20901 0.501497 4.11774 2.34478 2.91018 1.23881 1.195 -5.12748e-14 -1.195 -1.23881 -2.91018 -2.34478 -4.11774 -0.501497 -9.20901 -14.8761 -26.6197 
data/to-extract/sza.wav 30.6503 0.168518 0.854963 0.000601224 -263.176 28.5439 12.3196 8.0795 -1.17848 3.34566 -2.15602 2.10423 0.755031 0.689851 -5.02482e-14 -0.689851 -0.755031 -2.10423 2.15602 -3.34566 1.17848 -8.0795 -12.3196 -28.5439 
data/to-extract/sza.wav 31.1147 0.167656 1.08461 0.000351154 -266.928 27.0561 2.09779 -1.36578 -6.04383 -0.370722 -0.828889 3.06551 1.77864 1.25513 -4.57499e-14 -1.25513 -1.77864 -3.06551 0.828889 0.370722 6.04383 1.36578 -2.09779 -27.0561 
data/to-extract/sza.wav 31.5791 0.303897 1.02097 0.000313013 -265.107 15.257 12.3152 4.02819 -3.83046 4.6036 -3.2016 4.53423 1.52296 1.90101 -5.5489e-14 -1.90101 -1.52296 -4.53423 3.2016 -4.6036 3.83046 -4.02819 -12.3152 -15.257 
data/to-extract/sza.wav 32.0435 0.25377 0.793581 0.000448777 -272.738 15.7298 14.3289 14.9342 3.75643 7.20381 1.13695 3.03319 0.479487 2.44159 -5.0594e-14 -2.44159 -0.479487 -3.03319 -1.13695 -7.20381 -3.75643 -14.9342 -14.3289 -15.7298 
data/to-extract/sza.wav 32.5079 0.170984 1.18838 0.000466559 -265.734 27.1086 6.91922 8.78309 -0.0471889 2.03081 -1.65269 2.26312 0.681809 0.211452 -4.55523e-14 -0.211452 -0.681809 -2.26312 1.65269 -2.03081 0.0471889 -8.78309 -6.91922 -27.1086 
data/to-extract/sza.wav 32.9723 0.091945 0.817885 0.000676947 -275.888 31.2275 14.5226 8.47027 1.87204 5.352 1.40083 2.36378 0.396421 -0.277378 -5.17891e-14 0.277378 -0.396421 -2.36378 -1.40083 -5.352 -1.87204 -8.47027 -14.5226 -31.2275 
data/to-extract/sza.wav 33.4367 0.188633 0.793175 0.000492809 -268.911 25.0088 11.0208 8.35688 -0.695193 3.778 -0.553788 3.6152 0.36633 0.0147378 -5.01398e-14 -0.0147378 -0.36633 -3.6152 0.553788 -3.778 0.695193 -8.35688 -11.0208 -25.0088 
data/to-extract/sza.wav 33.9011 0.261175 1.09695 0.000288538 -262.012 18.3359 2.63036 4.46998 -5.3702 1.32716 -1.74874 2.03742 -0.174375 0.127931 -4.73756e-14 -0.127931 0.174375 -2.03742 1.74874 -1.32716 5.3702 -4.46998 -2.63036 -18.3359 
data/to-extract/sza.wav 34.3655 0.18534 0.692064 0.00047879 -264.43 27.0939 9.79614 6.37851 -0.776691 5.25086 0.155328 2.07431 1.06363 1.48394 -4.97098e-14 -1.48394 -1.06363 -2.07431 -0.155328 -5.25086 0.776691 -6.37851 -9.79614 -27.0939 
data/to-extract/sza.wav 34.8299 0.149824 0.942363 0.000386883 -268.469 29.4857 7.30665 5.94451 1.49888 3.92789 -2.28307 0.97374 0.522338 0.51887 -4.7477e-14 -0.51887 -0.522338 -0.97374 2.28307 -3.92789 -1.49888 -5.94451 -7.30665 -29.4857 
data/to-extract/sza.wav 35.2943 0.220703 0.96105 0.000473541 -263.846 22.3667 8.4667 4.77412 -3.84351 3.95266 -0.299354 2.51299 -0.0464409 1.51277 -5.01574e-14 -1.51277 0.0464409 -2.51299 0.299354 -3.95266 3.84351 -4.77412 -8.4667 -22.3667 
data/to-extract/sza.wav 35.7587 0.157431 0.913046 0.000597911 -267.051 29.0362 13.6253 7.69155 -1.44748 4.99299 0.462638 1.75409 -0.798394 1.0937 -5.13131e-14 -1.0937 0.798394 -1.75409 -0.462638 -4.99299 1.44748 -7.69155 -13.6253 -29.0362 
data/to-extract/sza.wav 36.2231 0.230331 0.620595 0.000616587 -259.756 21.9342 12.8636 5.30527 -2.13457 9.12289 -0.0191812 0.740116 -1.28059 2.79874 -5.48192e-14 -2.79874 1.28059 -0.740116 0.0191812 -9.12289 2.13457 -5.30527 -12.8636 -21.9342 
data/to-extract/sza.wav 36.6875 0.28266 0.94249 0.000289941 -261.193 16.8648 7.7655 4.61138 -2.50542 7.84222 -1.6857 1.03607 -1.71086 0.0891367 -5.44874e-14 -0.0891367 1.71086 -1.03607 1.6857 -7.84222 2.50542 -4.61138 -7.7655 -16.8648 
data/to-extract/sza.wav 37.1519 0.225389 0.89758 0.000331172 -266.818 21.4307 9.10789 5.24812 2.05175 7.15236 -1.68238 -0.746418 -2.04046 0.998068 -5.07898e-14 -0.998068 2.04046 0.746418 1.68238 -7.15236 -2.05175 -5.24812 -9.10789 -21.4307 
data/to-extract/sza.wav 37.6163 0.165214 0.629495 0.000665787 -267.175 24.0367 9.74276 11.005 4.48496 6.86889 0.0526361 2.3598 0.836575 1.5375 -4.73387e-14 -1.5375 -0.836575 -2.3598 -0.0526361 -6.86889 -4.48496 -11.005 -9.74276 -24.0367 
data/to-extract/sza.wav 38.0807 0.14831 1.0572 0.000578307 -264.239 27.6083 8.78735 6.94251 -1.71215 4.01327 1.00243 3.16491 0.686246 1.64449 -4.73576e-14 -1.64449 -0.686246 -3.16491 -1.00243 -4.01327 1.71215 -6.94251 -8.78735 -27.6083 
data/to-extract/sza.wav 38.5451 0.203315 0.736621 0.000569276 -264.958 21.7205 9.24761 8.09245 4.58339 8.32358 -0.187176 2.45104 -0.765781 0.710559 -4.87716e-14 -0.710559 0.765781 -2.45104 0.187176 -8.32358 -4.58339 -8.09245 -9.24761 -21.7205 
data/to-extract/sza.wav 39.0095 0.251976 1.0424 0.000245121 -267.206 18.6798 5.59871 5.32861 -0.516457 3.86933 -3.05702 0.676102 0.720308 1.51111 -4.90369e-14 -1.51111 -0.720308 -0.676102 3.05702 -3.86933 0.516457 -5.32861 -5.59871 -18.6798 
data/to-extract/sza.wav 39.4739 0.18844 1.09784 0.000312788 -267.521 21.6981 1.86986 1.12367 0.652962 4.04386 -0.430407 3.03187 0.0436428 1.11198 -4.46225e-14 -1.11198 -0.0436428 -3.03187 0.430407 -4.04386 -0.652962 -1.12367 -1.86986 -21.6981 
data/to-extract/sza.wav 39.9383 0.276462 1.02004 0.000537076 -255.395 18.3659 11.6675 6.53774 0.518307 8.1878 -2.48519 0.927664 -1.20425 -1.06814 -5.48121e-14 1.06814 1.20425 -0.927664 2.48519 -8.1878 -0.518307 -6.53774 -11.6675 -18.3659 
data/to-extract/sza.wav 40.4027 0.155524 0.62471 0.000644319 -259.023 29.9469 5.07788 4.30337 -0.406111 5.48378 2.92483 3.20756 0.544214 0.19149 -4.52719e-14 -0.19149 -0.544214 -3.20756 -2.92483 -5.48378 0.406111 -4.30337 -5.07788 -29.9469 
data/to-extract/sza.wav 40.8671 0.160305 0.768504 0.000556684 -262.501 28.8885 7.11922 4.10884 -1.36835 5.1743 1.77608 2.22885 0.237296 0.817067 -4.768e-14 -0.817067 -0.237296 -2.22885 -1.77608 -5.1743 1.36835 -4.10884 -7.11922 -28.8885 
data/to-extract/sza.wav 41.3315 0.127623 0.802165 0.000611074 -263.436 32.3386 3.66339 3.22971 2.98964 5.61297 0.633912 2.38976 0.737967 0.228743 -4.39374e-14 -0.228743 -0.737967 -2.38976 -0.633912 -5.61297 -2.98964 -3.22971 -3.66339 -32.3386 
data/to-extract/sza.wav 41.7959 0.159342 0.807461 0.000397595 -267.332 27.2533 4.60944 6.01553 2.40958 6.42301 0.755114 0.264863 0.0194797 1.03167 -4.6178e-14 -1.03167 -0.0194797 -0.264863 -0.755114 -6.42301 -2.40958 -6.01553 -4.60944 -27.2533 
data/to-extract/sza.wav 42.2603 0.168806 0.661431 0.000473344 -262.863 28.0445 1.49937 3.12253 1.40365 4.716 1.18027 3.68712 0.509546 1.00107 -4.21401e-14 -1.00107 -0.509546 -3.68712 -1.18027 -4.716 -1.40365 -3.12253 -1.49937 -28.0445 
data/to-extract/sza.wav 42.7247 0.228358 0.752291 0.000219967 -276.018 21.345 10.788 7.73023 -2.86927 4.77911 2.34311 1.64158 -0.748241 1.30447 -5.20758e-14 -1.30447 0.748241 -1.64158 -2.34311 -4.77911 2.86927 -7.73023 -10.788 -21.345 
data/to-extract/sza.wav 43.1891 0.215286 0.770515 0.000633359 -264.869 20.2765 12.19 11.921 0.348087 7.28232 1.37223 2.12186 -0.238501 0.294718 -5.21542e-14 -0.294718 0.238501 -2.12186 -1.37223 -7.28232 -0.348087 -11.921 -12.19 -20.2765 
data/to-extract/sza.wav 43.6535 0.142806 0.811202 0.000621657 -269.023 28.2694 8.21869 7.72257 1.49058 3.15117 1.35623 3.6825 1.69853 1.19512 -4.48029e-14 -1.19512 -1.69853 -3.6825 -1.35623 -3.15117 -1.49058 -7.72257 -8.21869 -28.2694 
data/to-extract/sza.wav 44.1179 0.205541 0.647798 0.000556469 -273.715 20.7341 16.5866 11.3708 0.984337 8.33084 -0.501145 1.1086 -0.941919 1.15035 -5.67766e-14 -1.15035 0.941919 -1.1086 0.501145 -8.33084 -0.984337 -11.3708 -16.5866 -20.7341 
data/to-extract/sza.wav 44.5823 0.175079 0.670176 0.000445039 -271.231 22.2927 8.28123 11.5951 2.25488 5.54345 1.45559 1.22001 0.57725 1.12003 -4.74848e-14 -1.12003 -0.57725 -1.22001 -1.45559 -5.54345 -2.25488 -11.5951 -8.28123 -22.2927 
data/to-extract/sza.wav 45.0467 0.137314 0.668638 0.000506657 -268.773 28.0596 6.61403 6.76802 1.1932 3.73016 0.119436 0.531296 0.550976 1.29455 -4.56405e-14 -1.29455 -0.550976 -0.531296 -0.119436 -3.73016 -1.1932 -6.76802 -6.61403 -28.0596 
data/to-extract/sza.wav 45.5111 0.121419 0.598996 0.000533089 -273.219 29.9592 8.96381 6.50746 2.39224 5.916 1.63139 1.44352 0.851474 0.835041 -4.84567e-14 -0.835041 -0.851474 -1.44352 -1.63139 -5.916 -2.39224 -6.50746 -8.96381 -29.9592 
data/to-extract/sza.wav 45.9755 0.142667 0.716094 0.000656619 -262.927 31.4732 8.82379 5.43082 -2.45694 5.57899 1.09832 2.02125 0.63983 0.501979 -5.0299e-14 -0.501979 -0.63983 -2.02125 -1.09832 -5.57899 2.45694 -5.43082 -8.82379 -31.4732 
data/to-extract/sza.wav 46.4399 0.120674 0.854951 0.000597421 -261.728 32.6547 4.83031 3.69144 0.577572 4.75729 0.549067 2.84122 0.835352 0.0641374 -4.52414e-14 -0.0641374 -0.835352 -2.84122 -0.549067 -4.75729 -0.577572 -3.69144 -4.83031 -32.6547 
data/to-extract/sza.wav 46.9043 0.214545 0.729679 0.000665281 -270.312 20.5259 14.1345 10.3411 0.494122 7.26175 1.00325 2.10157 0.948826 1.10843 -5.43354e-14 -1.10843 -0.948826 -2.10157 -1.00325 -7.26175 -0.494122 -10.3411 -14.1345 -20.5259 
data/to-extract/sza.wav 47.3687 0.116983 0.633672 0.000529725 -274.515 28.8722 12.4303 8.92605 0.866347 3.80564 0.392187 -0.45352 0.186299 1.9888 -4.91033e-14 -1.9888 -0.186299 0.45352 -0.392187 -3.80564 -0.866347 -8.92605 -12.4303 -28.8722 
data/to-extract/sza.wav 47.8331 0.16338 0.714277 0.000644924 -271.066 23.3656 10.2079 10.5451 2.35817 5.70806 -0.0352905 2.02958 0.900007 1.24868 -4.91689e-14 -1.24868 -0.900007 -2.02958 0.0352905 -5.70806 -2.35817 -10.5451 -10.2079 -23.3656 
data/to-extract/sza.wav 48.2975 0.182865 0.618182 0.000305289 -272.182 23.7369 5.42553 6.23555 1.07296 4.61061 0.0844684 0.852474 -0.299015 0.250212 -4.75035e-14 -0.250212 0.299015 -0.852474 -0.0844684 -4.61061 -1.07296 -6.23555 -5.42553 -23.7369 
data/to-extract/sza.wav 48.7619 0.132956 0.664404 0.000724245 -268.283 29.31 10.4604 8.71367 4.3229 6.98121 0.812472 0.658501 -1.22382 -0.549975 -4.8464e-14 0.549975 1.22382 -0.658501 -0.812472 -6.98121 -4.3229 -8.71367 -10.4604 -29.31 
data/to-extract/sza.wav 49.2263 0.206087 0.477965 0.000507654 -271.589 19.0397 8.91881 9.93462 4.29585 6.94461 1.28727 3.79993 0.358661 0.184529 -4.84504e-14 -0.184529 -0.358661 -3.79993 -1.28727 -6.94461 -4.29585 -9.93462 -8.91881 -19.0397 
data/to-extract/sza.wav 49.6907 0.142051 0.890916 0.000625096 -267.993 28.665 8.01015 8.48388 5.07762 6.56044 1.10425 1.29592 0.76904 1.31103 -4.54406e-14 -1.31103 -0.76904 -1.29592 -1.10425 -6.56044 -5.07762 -8.48388 -8.01015 -28.665 
data/to-extract/sza.wav 50.1551 0.148608 0.876399 0.000326189 -273.411 30.3356 11.6201 6.15793 -1.83753 -3.52777 -3.1312 2.08876 2.58337 3.86053 -4.36134e-14 -3.86053 -2.58337 -2.08876 3.1312 3.52777 1.83753 -6.15793 -11.6201 -30.3356 
data/to-extract/sza.wav 50.6195 0.169765 0.881279 0.000347613 -270.148 26.8003 6.30572 9.1426 4.87856 4.57096 -2.35456 -1.25443 -0.697076 0.528995 -4.51421e-14 -0.528995 0.697076 1.25443 2.35456 -4.57096 -4.87856 -9.1426 -6.30572 -26.8003 
data/to-extract/sza.wav 51.0839 0.162414 0.859784 0.000371213 -267.599 29.3774 4.4587 3.2198 4.7593 3.68335 -2.90667 -0.0349366 -0.296522 1.35583 -4.28344e-14 -1.35583 0.296522 0.0349366 2.90667 -3.68335 -4.7593 -3.2198 -4.4587 -29.3774 
data/to-extract/sza.wav 51.5483 0.118279 0.882539 0.000645691 -264.14 31.5757 7.81894 6.46992 0.278588 4.92367 0.962793 0.230967 0.671703 1.34738 -4.68555e-14 -1.34738 -0.671703 -0.230967 -0.962793 -4.92367 -0.278588 -6.46992 -7.81894 -31.5757 
data/to-extract/sza.wav 52.0127 0.112814 0.856419 0.000709203 -263.618 34.5956 8.89123 3.41274 -1.12927 4.14 1.03944 1.99026 2.25461 1.07777 -4.81918e-14 -1.07777 -2.25461 -1.99026 -1.03944 -4.14 1.12927 -3.41274 -8.89123 -34.5956 
data/to-extract/sza.wav 52.4771 0.132862 0.563407 0.000544838 -267.229 31.7694 5.86651 2.68532 1.6685 6.20483 1.27378 1.54895 1.04757 1.04372 -4.70351e-14 -1.04372 -1.04757 -1.54895 -1.27378 -6.20483 -1.6685 -2.68532 -5.86651 -31.7694 
data/to-extract/sza.wav 52.9415 0.155116 0.651121 0.000458153 -269.094 28.1967 8.9579 4.73298 0.358458 5.73172 1.26951 1.29372 0.112589 1.34726 -4.90365e-14 -1.34726 -0.112589 -1.29372 -1.26951 -5.73172 -0.358458 -4.73298 -8.9579 -28.1967 
data/to-extract/sza.wav 53.4059 0.188738 0.704104 0.000618102 -266.493 23.212 11.6617 14.2294 0.135634 4.31237 0.870485 1.73603 -0.864003 -0.265596 -4.88454e-14 0.265596 0.864003 -1.73603 -0.870485 -4.31237 -0.135634 -14.2294 -11.6617 -23.212 
data/to-extract/sza.wav 53.8703 0.191296 0.580544 0.000389802 -269.805 25.3265 7.24952 6.27724 0.00290896 5.21875 0.820273 1.93417 1.30206 2.15233 -4.81249e-14 -2.15233 -1.30206 -1.93417 -0.820273 -5.21875 -0.00290896 -6.27724 -7.24952 -25.3265 
data/to-extract/sza.wav 54.3347 0.170794 0.791218 0.000612434 -263.263 28.1849 5.76273 3.86932 1.20332 5.21869 1.62955 2.76117 1.20321 1.78923 -4.49075e-14 -1.78923 -1.20321 -2.76117 -1.62955 -5.21869 -1.20332 -3.86932 -5.76273 -28.1849 
data/to-extract/sza.wav 54.7991 0.138995 0.789202 0.000684245 -269.447 31.7264 13.2582 4.33831 0.792953 6.33165 0.515278 1.65717 1.87062 2.54809 -5.1622e-14 -2.54809 -1.87062 -1.65717 -0.515278 -6.33165 -0.792953 -4.33831 -13.2582 -31.7264 
data/to-extract/sza.wav 55.2635 0.142891 0.759085 0.000573558 -267.807 29.6956 10.8709 8.85419 0.53101 5.34593 0.553568 -0.628432 0.0973187 2.51284 -4.84981e-14 -2.51284 -0.0973187 0.628432 -0.553568 -5.34593 -0.53101 -8.85419 -10.8709 -29.6956 
data/to-extract/sza.wav 55.7279 0.186931 0.700637 0.000544208 -267.087 25.8083 11.7243 5.10744 -1.69506 6.02976 4.60767 3.65438 -0.239077 1.10685 -5.01883e-14 -1.10685 0.239077 -3.65438 -4.60767 -6.02976 1.69506 -5.10744 -11.7243 -25.8083 
data/to-extract/sza.wav 56.1923 0.170072 0.762487 0.000652536 -269.873 28.9719 13.3088 2.65733 0.452323 7.97609 0.427983 2.09613 1.39019 1.50752 -5.48198e-14 -1.50752 -1.39019 -2.09613 -0.427983 -7.97609 -0.452323 -2.65733 -13.3088 -28.9719 
data/to-extract/sza.wav 56.6567 0.159998 0.701553 0.000433413 -264.853 27.5267 4.18738 5.36977 0.0723185 4.5954 0.275647 0.474223 1.23304 2.12954 -4.53889e-14 -2.12954 -1.23304 -0.474223 -0.275647 -4.5954 -0.0723185 -5.36977 -4.18738 -27.5267 
data/to-extract/sza.wav 57.1211 0.167495 0.557227 0.000750578 -258.488 27.7908 11.9026 3.65455 3.08526 8.34809 -0.939139 1.32866 -0.0403992 1.63995 -5.05204e-14 -1.63995 0.0403992 -1.32866 0.939139 -8.34809 -3.08526 -3.65455 -11.9026 -27.7908 
data/to-extract/sza.wav 57.5855 0.216005 0.900517 0.000622356 -270.829 24.2798 14.1727 2.25759 1.8628 7.17109 0.000300962 4.43472 2.28215 2.36455 -5.34885e-14 -2.36455 -2.28215 -4.43472 -0.000300962 -7.17109 -1.8628 -2.25759 -14.1727 -24.2798 
data/to-extract/sza.wav 58.0499 0.23685 0.909967 0.000448803 -270.854 21.4891 15.0474 2.14943 0.104067 8.2594 -0.256935 3.84669 1.11066 1.70964 -5.70478e-14 -1.70964 -1.11066 -3.84669 0.256935 -8.2594 -0.104067 -2.14943 -15.0474 -21.4891 
data/to-extract/sza.wav 58.5143 0.246981 0.870061 0.000420315 -273.23 19.6954 15.0268 5.67192 2.64661 7.66875 -0.775686 2.8971 1.82698 1.81182 -5.53461e-14 -1.81182 -1.82698 -2.8971 0.775686 -7.66875 -2.64661 -5.67192 -15.0268 -19.6954 
data/to-extract/sza.wav 58.9787 0.183593 0.650278 0.000647357 -270.002 24.5327 14.3789 4.58079 2.46993 8.01648 0.012752 3.30037 1.37862 2.17948 -5.35213e-14 -2.17948 -1.37862 -3.30037 -0.012752 -8.01648 -2.46993 -4.58079 -14.3789 -24.5327 
data/to-extract/sza.wav 59.4431 0.179979 0.646687 0.000588818 -270.473 24.626 10.3221 5.31651 3.33155 7.29717 0.137148 2.28536 0.739802 0.724867 -5.08342e-14 -0.724867 -0.739802 -2.28536 -0.137148 -7.29717 -3.33155 -5.31651 -10.3221 -24.626 
data/to-extract/sza.wav 59.9075 0.0900581 0.703293 0.000668605 -272.884 34.3173 7.36157 3.15713 3.48473 4.82823 2.51732 3.88791 3.1284 0.38979 -4.59039e-14 -0.38979 -3.1284 -3.88791 -2.51732 -4.82823 -3.48473 -3.15713 -7.36157 -34.3173 
data/to-extract/sza.wav 60.3719 0.124189 0.535718 0.000656707 -267.978 30.2351 7.69404 6.78306 4.63523 7.1588 0.979255 0.767257 0.966631 1.25515 -4.66467e-14 -1.25515 -0.966631 -0.767257 -0.979255 -7.1588 -4.63523 -6.78306 -7.69404 -30.2351 
data/to-extract/sza.wav 60.8363 0.20355 0.912638 0.000407401 -261.014 24.5575 5.3581 6.75983 1.34786 6.80121 -0.581767 1.83307 0.191533 1.80111 -4.67063e-14 -1.80111 -0.191533 -1.83307 0.581767 -6.80121 -1.34786 -6.75983 -5.3581 -24.5575 
data/to-extract/sza.wav 61.3007 0.183345 0.710818 0.000453455 -265.88 27.746 8.2926 2.51394 0.739381 6.2335 1.03708 2.93894 -0.132534 -0.110444 -4.94271e-14 0.110444 0.132534 -2.93894 -1.03708 -6.2335 -0.739381 -2.51394 -8.2926 -27.746 
data/to-extract/sza.wav 61.7651 0.151187 0.759992 0.000433614 -261.345 29.8966 0.984658 5.37329 5.2102 5.00924 -2.73982 1.58524 0.658936 0.136596 -4.15787e-14 -0.136596 -0.658936 -1.58524 2.73982 -5.00924 -5.2102 -5.37329 -0.984658 -29.8966 
data/to-extract/sza.wav 62.2295 0.159015 0.909337 0.000522004 -257.209 30.219 1.64171 5.18923 4.32656 5.88682 -1.95715 1.59199 1.11024 1.0451 -4.20418e-14 -1.0451 -1.11024 -1.59199 1.95715 -5.88682 -4.32656 -5.18923 -1.64171 -30.219 
data/to-extract/sza.wav 62.6939 0.125702 0.796837 0.000605611 -263.242 32.5641 7.26148 6.68258 1.51041 4.99284 -0.155534 1.39437 0.689506 -0.0897836 -4.67104e-14 0.0897836 -0.689506 -1.39437 0.155534 -4.99284 -1.51041 -6.68258 -7.26148 -32.5641 
data/to-extract/sza.wav 63.1583 0.176707 0.596426 0.000521667 -272.817 24.4374 14.5493 8.74657 -1.37388 5.53317 1.20128 1.64419 1.35248 1.31079 -5.43787e-14 -1.31079 -1.35248 -1.64419 -1.20128 -5.53317 1.37388 -8.74657 -14.5493 -24.4374 
data/to-extract/sza.wav 63.6227 0.153795 0.485203 0.000456952 -269.266 28.9563 9.03278 7.66887 -0.640642 3.99814 -0.484273 0.200154 0.475564 1.23005 -4.89084e-14 -1.23005 -0.475564 -0.200154 0.484273 -3.99814 0.640642 -7.66887 -9.03278 -28.9563 
data/to-extract/sza.wav 64.0871 0.138489 0.626188 0.000659507 -271.719 26.9205 12.4413 10.759 1.86645 7.16396 2.13444 2.52977 0.300877 0.404648 -5.11791e-14 -0.404648 -0.300877 -2.52977 -2.13444 -7.16396 -1.86645 -10.759 -12.4413 -26.9205 
data/to-extract/sza.wav 64.5515 0.154056 0.758761 0.000695541 -272.584 26.5462 16.5225 10.7585 -2.02794 5.80333 0.455163 1.78069 2.20606 1.18423 -5.65476e-14 -1.18423 -2.20606 -1.78069 -0.455163 -5.80333 2.02794 -10.7585 -16.5225 -26.5462 
data/to-extract/sza.wav 65.0159 0.124995 0.499453 0.000415158 -273.728 29.4454 7.13631 5.56222 2.73531 4.97831 -0.345331 1.4411 2.67185 1.05269 -4.81756e-14 -1.05269 -2.67185 -1.4411 0.345331 -4.97831 -2.73531 -5.56222 -7.13631 -29.4454 
data/to-extract/sza.wav 65.4803 0.169991 0.499668 0.000409817 -274.854 23.21 13.5466 8.09938 0.801025 4.99905 0.412446 2.0786 1.13605 2.65429 -5.12198e-14 -2.65429 -1.13605 -2.0786 -0.412446 -4.99905 -0.801025 -8.09938 -13.5466 -23.21 
data/to-extract/sza.wav 65.9447 0.207643 0.638868 0.000510697 -273.126 19.5326 13.3136 13.6821 2.48133 8.24986 -0.361692 0.492425 1.56826 1.93292 -5.42929e-14 -1.93292 -1.56826 -0.492425 0.361692 -8.24986 -2.48133 -13.6821 -13.3136 -19.5326 
data/to-extract/sza.wav 66.4091 0.232247 0.663117 0.000539851 -265.007 20.1154 9.23915 9.45997 -0.760902 8.39883 0.647225 2.87474 1.88423 1.72272 -5.31425e-14 -1.72272 -1.88423 -2.87474 -0.647225 -8.39883 0.760902 -9.45997 -9.23915 -20.1154 
data/to-extract/sza.wav 66.8735 0.152527 0.716813 0.000698653 -278.499 23.7898 16.2717 12.196 3.81568 9.10835 0.710085 1.37445 0.840774 0.176852 -5.66093e-14 -0.176852 -0.840774 -1.37445 -0.710085 -9.10835 -3.81568 -12.196 -16.2717 -23.7898 
data/to-extract/sza.wav 67.3379 0.15926 0.78756 0.000678925 -267.31 27.5315 11.8093 9.42763 0.904668 6.18009 -0.166725 2.54729 2.26929 0.181148 -5.21918e-14 -0.181148 -2.26929 -2.54729 0.166725 -6.18009 -0.904668 -9.42763 -11.8093 -27.5315 
data/to-extract/sza.wav 67.8023 0.19711 0.637948 0.00043292 -262.298 23.6679 2.19041 7.08027 0.601064 6.14421 -2.35202 2.12781 2.95348 1.33525 -4.77052e-14 -1.33525 -2.95348 -2.12781 2.35202 -6.14421 -0.601064 -7.08027 -2.19041 -23.6679 
data/to-extract/sza.wav 68.2667 0.131468 0.861291 0.000586819 -256.028 35.3508 0.693111 -0.437125 -0.66121 3.46877 -1.38336 3.19895 2.25342 -0.0929649 -4.35293e-14 0.0929649 -2.25342 -3.19895 1.38336 -3.46877 0.66121 0.437125 -0.693111 -35.3508 
data/to-extract/sza.wav 68.7311 0.165293 0.547206 0.000519699 -268.488 24.5495 6.51747 8.78271 3.73766 5.73908 -0.62332 3.10829 2.28971 1.75157 -4.61123e-14 -1.75157 -2.28971 -3.10829 0.62332 -5.73908 -3.73766 -8.78271 -6.51747 -24.5495 
data/to-extract/sza.wav 69.1955 0.183481 0.859441 0.000536618 -262.067 25.913 6.46879 4.98721 -1.61621 5.68346 0.355544 2.01319 1.22233 2.56551 -4.81231e-14 -2.56551 -1.22233 -2.01319 -0.355544 -5.68346 1.61621 -4.98721 -6.46879 -25.913 
data/to-extract/sza.wav 69.6599 0.108991 0.731621 0.000648361 -271.313 30.2209 10.3467 9.17173 4.26055 5.93215 -0.225981 0.309288 0.973622 1.16559 -4.80428e-14 -1.16559 -0.973622 -0.309288 0.225981 -5.93215 -4.26055 -9.17173 -10.3467 -30.2209 
data/to-extract/sza.wav 70.1243 0.140044 0.694154 0.000705132 -272.716 25.8166 10.1114 11.5697 5.64865 6.88388 -0.760672 2.10125 1.81096 0.868685 -4.87558e-14 -0.868685 -1.81096 -2.10125 0.760672 -6.88388 -5.64865 -11.5697 -10.1114 -25.8166 
data/to-extract/sza.wav 70.5887 0.133994 0.796732 0.000437376 -265.197 32.097 3.03569 2.17601 -0.790596 3.55569 -0.129324 1.63874 0.767391 -0.194999 -4.56818e-14 0.194999 -0.767391 -1.63874 0.129324 -3.55569 0.790596 -2.17601 -3.03569 -32.097 
data/to-extract/sza.wav 71.0531 0.180505 0.733326 0.000557699 -263.537 24.9286 8.52906 7.47525 -1.99377 5.84628 1.27977 2.53465 0.107084 -0.0764643 -5.06437e-14 0.0764643 -0.107084 -2.53465 -1.27977 -5.84628 1.99377 -7.47525 -8.52906 -24.9286 
data/to-extract/sza.wav 71.5175 0.165434 0.804772 0.000559772 -270.088 27.3894 12.6781 8.94183 -0.834701 5.71727 1.27394 2.41377 1.51101 0.539213 -5.27403e-14 -0.539213 -1.51101 -2.41377 -1.27394 -5.71727 0.834701 -8.94183 -12.6781 -27.3894 
data/to-extract/sza.wav 71.9819 0.0788649 0.695997 0.000666273 -278.94 30.2574 10.8446 8.75066 6.48513 6.56623 1.8442 1.20401 0.612555 -0.950953 -4.88339e-14 0.950953 -0.612555 -1.20401 -1.8442 -6.56623 -6.48513 -8.75066 -10.8446 -30.2574 
data/to-extract/sza.wav 72.4463 0.106275 1.05565 0.000394076 -275.195 32.799 10.493 6.13103 0.322681 1.53682 0.543623 3.46456 3.70296 -0.859368 -4.89934e-14 0.859368 -3.70296 -3.46456 -0.543623 -1.53682 -0.322681 -6.13103 -10.493 -32.799 
data/to-extract/sza.wav 72.9107 0.174867 0.894584 0.000508438 -265.359 26.5277 5.79691 9.70725 4.73671 6.20886 -1.16177 2.24753 1.96033 0.570571 -4.57951e-14 -0.570571 -1.96033 -2.24753 1.16177 -6.20886 -4.73671 -9.70725 -5.79691 -26.5277 
data/to-extract/sza.wav 73.3751 0.11285 0.794372 0.000595719 -263.607 36.0959 5.77547 4.37406 -2.55053 -4.48044 -4.35407 4.49423 5.7317 0.041967 -4.24476e-14 -0.041967 -5.7317 -4.49423 4.35407 4.48044 2.55053 -4.37406 -5.77547 -36.0959 
data/to-extract/sza.wav 73.8395 0.0599592 0.418573 0.000559747 -274.924 37.2058 6.12356 -0.903784 1.71723 0.428506 1.56439 4.11557 2.01507 -1.01 -4.32629e-14 1.01 -2.01507 -4.11557 -1.56439 -0.428506 -1.71723 0.903784 -6.12356 -37.2058 
data/to-extract/sza.wav 74.3039 0.154931 0.606996 0.000608129 -264.513 28.533 10.2598 9.78881 0.187668 4.02325 -0.560348 0.500153 -0.208908 1.77091 -4.71069e-14 -1.77091 0.208908 -0.500153 0.560348 -4.02325 -0.187668 -9.78881 -10.2598 -28.533 
data/to-extract/sza.wav 74.7683 0.132456 0.746481 0.000675778 -261.845 32.8186 9.58435 7.04917 -3.43369 2.16313 -0.0838086 1.1707 -0.00273559 0.0526845 -4.80006e-14 -0.0526845 0.00273559 -1.1707 0.0838086 -2.16313 3.43369 -7.04917 -9.58435 -32.8186 
data/to-extract/sza.wav 75.2327 0.139874 0.666846 0.000583908 -269.949 30.1819 10.7401 7.71949 0.707988 3.88928 -0.834517 1.16532 -0.240277 -0.500534 -4.9504e-14 0.500534 0.240277 -1.16532 0.834517 -3.88928 -0.707988 -7.71949 -10.7401 -30.1819 
data/to-extract/sza.wav 75.6971 0.146078 0.617908 0.00050733 -254.25 32.1329 -3.8656 3.37423 4.62365 5.28835 -2.93566 -0.356933 -0.0527088 1.46395 -3.77147e-14 -1.46395 0.0527088 0.356933 2.93566 -5.28835 -4.62365 -3.37423 3.8656 -32.1329 
data/to-extract/sza.wav 76.1615 0.162998 0.667499 0.000489791 -256.129 29.6282 -0.168034 5.78009 -0.582946 3.46657 -2.2291 0.579827 0.232241 0.788813 -4.22033e-14 -0.788813 -0.232241 -0.579827 2.2291 -3.46657 0.582946 -5.78009 0.168034 -29.6282 
data/to-extract/sza.wav 76.6259 0.171598 0.56442 0.000390676 -258.135 30.2568 1.09839 2.77539 -0.186411 3.59994 -3.83106 0.752286 0.734142 0.400737 -4.46693e-14 -0.400737 -0.734142 -0.752286 3.83106 -3.59994 0.186411 -2.77539 -1.09839 -30.2568 
data/to-extract/sza.wav 77.0902 0.115697 0.735235 0.000738657 -267.079 34.9136 10.8065 5.54402 -1.87761 2.21874 1.16758 2.95285 2.181 2.04423 -4.68626e-14 -2.04423 -2.181 -2.95285 -1.16758 -2.21874 1.87761 -5.54402 -10.8065 -34.9136 
data/to-extract/sza.wav 77.5546 0.114623 0.712081 0.000597661 -269.972 34.2555 8.74145 4.80316 -0.60573 1.03315 -0.658635 0.69948 -0.106462 -0.40431 -4.6281e-14 0.40431 0.106462 -0.69948 0.658635 -1.03315 0.60573 -4.80316 -8.74145 -34.2555 
data/to-extract/sza.wav 78.019 0.147617 0.752023 0.000623789 -267.585 29.7669 11.3328 9.83963 0.738493 3.13377 -1.18286 1.43695 -0.059671 0.566443 -4.77072e-14 -0.566443 0.059671 -1.43695 1.18286 -3.13377 -0.738493 -9.83963 -11.3328 -29.7669 
data/to-extract/sza.wav 78.4834 0.165478 0.611506 0.000432148 -256.899 27.8074 -3.18768 7.5776 3.68879 4.31649 -3.61676 -1.12872 0.729962 1.82741 -3.88137e-14 -1.82741 -0.729962 1.12872 3.61676 -4.31649 -3.68879 -7.5776 3.18768 -27.8074 
data/to-extract/sza.wav 78.9478 0.151188 0.6445 0.000532725 -258.164 31.9883 -1.28691 3.0846 2.7733 2.32986 -1.87139 0.743146 -0.126956 2.54969 -3.63793e-14 -2.54969 0.126956 -0.743146 1.87139 -2.32986 -2.7733 -3.0846 1.28691 -31.9883 
data/to-extract/sza.wav 79.4122 0.161578 0.716903 0.000539794 -256.202 29.6516 1.67106 4.62467 2.16403 6.01116 -3.63133 1.70148 -1.02039 0.560856 -4.38573e-14 -0.560856 1.02039 -1.70148 3.63133 -6.01116 -2.16403 -4.62467 -1.67106 -29.6516 
data/to-extract/sza.wav 79.8766 0.126673 0.718378 0.000583675 -265.263 30.0687 5.39621 8.4948 3.0196 5.22694 0.0322694 0.140171 1.0497 1.99704 -4.39709e-14 -1.99704 -1.0497 -0.140171 -0.0322694 -5.22694 -3.0196 -8.4948 -5.39621 -30.0687 
data/to-extract/sza.wav 80.341 0.123145 0.931691 0.000602395 -258.556 35.0666 3.99794 5.36585 -1.53113 -2.0188 -2.37774 1.701 -0.418376 -0.554495 -3.95327e-14 0.554495 0.418376 -1.701 2.37774 2.0188 1.53113 -5.36585 -3.99794 -35.0666 
data/to-extract/sza.wav 80.8054 0.0979417 0.77921 0.000599891 -265.011 35.8906 5.73991 4.66928 -0.318854 -0.778599 -0.564605 4.23903 1.12769 -1.94643 -4.23196e-14 1.94643 -1.12769 -4.23903 0.564605 0.778599 0.318854 -4.66928 -5.73991 -35.8906 
data/to-extract/sza.wav 81.2698 0.13462 0.490516 0.000534295 -265.742 29.7315 4.67944 8.27187 2.58549 4.09776 -0.620117 1.09454 1.59095 2.0521 -4.31383e-14 -2.0521 -1.59095 -1.09454 0.620117 -4.09776 -2.58549 -8.27187 -4.67944 -29.7315 
data/to-extract/sza.wav 81.7342 0.132462 0.804622 0.000540901 -258.33 34.5453 1.74073 1.69927 -3.91318 -1.92285 -1.36847 2.7236 0.951404 -0.145309 -4.04503e-14 0.145309 -0.951404 -2.7236 1.36847 1.92285 3.91318 -1.69927 -1.74073 -34.5453 
data/to-extract/sza.wav 82.1986 0.15098 0.74471 0.000447692 -258.371 29.9332 2.26155 5.83072 -0.683853 3.34998 -3.37245 1.37453 0.985131 0.752513 -4.45564e-14 -0.752513 -0.985131 -1.37453 3.37245 -3.34998 0.683853 -5.83072 -2.26155 -29.9332 
data/to-extract/sza.wav 82.663 0.107003 0.683769 0.00076736 -266.38 33.5739 7.25857 8.43094 4.28648 3.79836 -0.846172 1.84319 1.58973 1.25094 -4.30357e-14 -1.25094 -1.58973 -1.84319 0.846172 -3.79836 -4.28648 -8.43094 -7.25857 -33.5739 
data/to-extract/sza.wav 83.1274 0.129558 0.821196 0.000600384 -259.301 35.3823 3.24987 3.38811 -2.05446 -0.210986 0.921146 4.28366 0.637569 -1.4847 -4.08957e-14 1.4847 -0.637569 -4.28366 -0.921146 0.210986 2.05446 -3.38811 -3.24987 -35.3823 
data/to-extract/sza.wav 83.5918 0.111243 0.855433 0.000690297 -261.458 37.0834 7.98769 5.4156 -2.25768 0.190709 0.134155 2.03698 -0.12455 -1.00139 -4.41334e-14 1.00139 0.12455 -2.03698 -0.134155 -0.190709 2.25768 -5.4156 -7.98769 -37.0834 
data/to-extract/sza.wav 84.0562 0.106544 0.56196 0.000518688 -264.231 37.3052 4.48016 2.01573 -1.06812 -1.14676 0.347569 4.22115 0.100581 -1.67535 -4.06969e-14 1.67535 -0.100581 -4.22115 -0.347569 1.14676 1.06812 -2.01573 -4.48016 -37.3052 
data/to-extract/sza.wav 84.5206 0.0942148 0.472002 0.000558841 -264.477 40.3782 5.7523 0.56663 -1.16952 -1.41053 -0.707871 2.04361 0.366971 -1.48225 -4.21153e-14 1.48225 -0.366971 -2.04361 0.707871 1.41053 1.16952 -0.56663 -5.7523 -40.3782 
data/to-extract/sza.wav 84.985 0.111302 0.864295 0.000514452 -259.086 38.1257 3.34088 0.46455 -1.78324 0.651515 -0.84397 2.47198 0.347055 -1.18339 -4.26178e-14 1.18339 -0.347055 -2.47198 0.84397 -0.651515 1.78324 -0.46455 -3.34088 -38.1257 
data/to-extract/sza.wav 85.4494 0.136211 0.705244 0.000604291 -265.651 28.3537 7.37631 9.49494 1.67546 5.22154 1.65824 2.28587 0.322778 0.991301 -4.52947e-14 -0.991301 -0.322778 -2.28587 -1.65824 -5.22154 -1.67546 -9.49494 -7.37631 -28.3537 
data/to-extract/sza.wav 85.9138 0.134433 0.925759 0.000343306 -275.212 28.8885 12.2635 5.08468 -3.19509 1.49943 -1.37195 0.96243 1.36386 2.42281 -5.10477e-14 -2.42281 -1.36386 -0.96243 1.37195 -1.49943 3.19509 -5.08468 -12.2635 -28.8885 
data/to-extract/sza.wav 86.3782 0.169263 1.18903 0.000337152 -266.737 30.1506 4.43423 1.30985 -2.50912 2.92269 -1.12703 1.25234 0.542041 1.92401 -4.65045e-14 -1.92401 -0.542041 -1.25234 1.12703 -2.92269 2.50912 -1.30985 -4.43423 -30.1506 
data/to-extract/sza.wav 86.8426 0.166204 0.924355 0.000417367 -268.411 30.0841 11.2584 3.99006 -3.96549 3.58827 0.691722 2.80045 -0.248876 0.782315 -5.1209e-14 -0.782315 0.248876 -2.80045 -0.691722 -3.58827 3.96549 -3.99006 -11.2584 -30.0841 
data/to-extract/sza.wav 87.307 0.190953 0.873107 0.000277646 -275.194 21.0444 7.06685 7.39522 -0.608275 3.98669 2.46133 2.89619 0.501549 0.0787387 -4.86022e-14 -0.0787387 -0.501549 -2.89619 -2.46133 -3.98669 0.608275 -7.39522 -7.06685 -21.0444 
data/to-extract/sza.wav 87.7714 0.133215 0.996146 0.000406681 -271.98 31.2054 8.11285 2.49867 1.47005 3.89562 0.0146676 2.35933 0.0974814 -0.575164 -4.7926e-14 0.575164 -0.0974814 -2.35933 -0.0146676 -3.89562 -1.47005 -2.49867 -8.11285 -31.2054 
data/to-extract/sza.wav 88.2358 0.147202 0.720553 0.000560376 -271.839 26.8047 10.1824 7.83375 1.54121 6.89435 0.865507 2.6806 0.65651 1.45732 -5.02598e-14 -1.45732 -0.65651 -2.6806 -0.865507 -6.89435 -1.54121 -7.83375 -10.1824 -26.8047 
data/to-extract/sza.wav 88.7002 0.201039 0.617381 0.000460996 -268.646 23.9944 9.18966 7.46199 -2.57608 5.77286 1.03789 2.32573 0.437246 1.20162 -5.16818e-14 -1.20162 -0.437246 -2.32573 -1.03789 -5.77286 2.57608 -7.46199 -9.18966 -23.9944 
data/to-extract/sza.wav 89.1646 0.222946 1.00062 0.00034119 -263.965 23.2883 7.71246 6.04436 -3.38685 5.56826 0.209902 0.624467 -0.598192 0.405081 -5.17149e-14 -0.405081 0.598192 -0.624467 -0.209902 -5.56826 3.38685 -6.04436 -7.71246 -23.2883 
data/to-extract/sza.wav 89.629 0.120101 0.811368 0.00055028 -269.12 32.9821 11.2685 2.45558 -1.24246 3.82065 2.56386 4.70177 2.09324 0.446525 -4.94348e-14 -0.446525 -2.09324 -4.70177 -2.56386 -3.82065 1.24246 -2.45558 -11.2685 -32.9821 
data/to-extract/sza.wav 90.0934 0.201675 0.707776 0.00020225 -280.213 22.6345 8.04352 3.58992 -3.05614 5.44313 3.99546 2.47381 -0.749153 -0.951768 -5.33095e-14 0.951768 0.749153 -2.47381 -3.99546 -5.44313 3.05614 -3.58992 -8.04352 -22.6345 
data/to-extract/sza.wav 90.5578 0.18422 0.902351 0.000327681 -266.34 26.8173 5.71675 4.58644 -0.518413 5.23992 -0.477622 -0.44236 -0.413578 1.97061 -4.76707e-14 -1.97061 0.413578 0.44236 0.477622 -5.23992 0.518413 -4.58644 -5.71675 -26.8173 
data/to-extract/sza.wav 91.0222 0.117207 0.860336 0.000597917 -262.403 33.8637 6.07274 4.03496 0.955567 5.83089 0.0953964 -0.132783 -0.255123 0.514222 -4.67844e-14 -0.514222 0.255123 0.132783 -0.0953964 -5.83089 -0.955567 -4.03496 -6.07274 -33.8637 
data/to-extract/sza.wav 91.4866 0.123259 0.805191 0.000481761 -270.668 32.1432 5.1915 3.18612 5.39839 3.93104 -1.75709 1.88273 2.07958 0.224068 -4.42678e-14 -0.224068 -2.07958 -1.88273 1.75709 -3.93104 -5.39839 -3.18612 -5.1915 -32.1432 
data/to-extract/sza.wav 91.951 0.138599 0.743885 0.000478394 -267.131 28.646 7.43501 7.28348 -0.641887 5.12473 2.29203 1.82163 -0.943063 -0.968355 -4.82276e-14 0.968355 0.943063 -1.82163 -2.29203 -5.12473 0.641887 -7.28348 -7.43501 -28.646 
data/to-extract/sza.wav 92.4154 0.151593 0.627732 0.000522764 -266.968 28.6691 9.01961 5.58009 -2.38335 6.88257 1.87053 -0.670898 -1.4761 1.15465 -5.14814e-14 -1.15465 1.4761 0.670898 -1.87053 -6.88257 2.38335 -5.58009 -9.01961 -28.6691 
data/to-extract/sza.wav 92.8798 0.116987 0.723507 0.000599461 -274.375 28.7141 9.17286 7.38989 4.20268 6.2517 0.350767 2.34552 1.8339 0.883187 -4.85882e-14 -0.883187 -1.8339 -2.34552 -0.350767 -6.2517 -4.20268 -7.38989 -9.17286 -28.7141 
data/to-extract/sza.wav 93.3442 0.125817 0.559053 0.000408526 -270.069 31.1187 6.87277 6.24762 3.77518 4.34433 -1.75915 -0.439201 0.388732 0.403741 -4.60928e-14 -0.403741 -0.388732 0.439201 1.75915 -4.34433 -3.77518 -6.24762 -6.87277 -31.1187 
data/to-extract/sza.wav 93.8086 0.102564 0.780838 0.000663016 -271.008 32.8248 13.0729 6.38652 -2.15663 3.7125 2.79763 2.04107 0.514917 0.973707 -5.01616e-14 -0.973707 -0.514917 -2.04107 -2.79763 -3.7125 2.15663 -6.38652 -13.0729 -32.8248 
data/to-extract/sza.wav 94.273 0.151898 0.813073 0.000570392 -262.531 27.6992 3.16678 11.3947 2.62307 2.22156 0.398862 4.32713 1.62889 -0.474594 -4.01949e-14 0.474594 -1.62889 -4.32713 -0.398862 -2.22156 -2.62307 -11.3947 -3.16678 -27.6992 
data/to-extract/sza.wav 94.7374 0.138674 0.892593 0.00040028 -263.99 32.7454 3.9327 4.09229 -1.30384 -1.12374 -1.69274 3.42775 2.81011 1.0834 -4.1296e-14 -1.0834 -2.81011 -3.42775 1.69274 1.12374 1.30384 -4.09229 -3.9327 -32.7454 
data/to-extract/sza.wav 95.2018 0.109361 0.694538 0.000497029 -270.513 34.1412 8.66756 4.8275 -1.50368 1.58532 2.90824 3.19632 1.54787 0.587558 -4.54006e-14 -0.587558 -1.54787 -3.19632 -2.90824 -1.58532 1.50368 -4.8275 -8.66756 -34.1412 
data/to-extract/sza.wav 95.6662 0.124053 0.63592 0.000836865 -272.602 26.2597 8.23504 14.7168 5.27685 4.71421 5.70965 4.66622 1.35603 1.26057 -4.08992e-14 -1.26057 -1.35603 -4.66622 -5.70965 -4.71421 -5.27685 -14.7168 -8.23504 -26.2597 
data/to-extract/sza.wav 96.1306 0.152463 0.74088 0.000395514 -272.118 27.8151 9.46165 7.74926 1.14119 6.0467 2.04417 1.16941 0.409493 1.36885 -4.89863e-14 -1.36885 -0.409493 -1.16941 -2.04417 -6.0467 -1.14119 -7.74926 -9.46165 -27.8151 
data/to-extract/sza.wav 96.595 0.205611 0.700622 0.00057989 -260.869 22.2252 10.1734 9.21549 1.40113 6.99601 -0.825987 3.86964 0.196368 0.866168 -4.97338e-14 -0.866168 -0.196368 -3.86964 0.825987 -6.99601 -1.40113 -9.21549 -10.1734 -22.2252 
data/to-extract/sza.wav 97.0594 0.240743 0.776254 0.000406865 -265.586 15.6422 1.73364 7.27986 -1.13277 6.04823 4.16541 6.53042 1.28222 1.83607 -4.46956e-14 -1.83607 -1.28222 -6.53042 -4.16541 -6.04823 1.13277 -7.27986 -1.73364 -15.6422 
data/to-extract/sza.wav 97.5238 0.123577 0.781844 3.55472e-05 -301.889 14.6421 4.46693 -1.23395 -1.21083 0.569623 0.733162 -0.0262705 -0.309732 -0.122887 -5.16473e-14 0.122887 0.309732 0.0262705 -0.733162 -0.569623 1.21083 1.23395 -4.46693 -14.6421 
data/to-extract/sza.wav 97.9882 0.1464 0.68265 2.13262e-05 -307.091 9.54346 3.47249 0.199484 0.253791 0.97487 0.456925 -0.48272 -0.71841 -0.435362 -5.19731e-14 0.435362 0.71841 0.48272 -0.456925 -0.97487 -0.253791 -0.199484 -3.47249 -9.54346 
data/to-extract/sza.wav 98.4526 0.223692 0.840037 3.11475e-05 -305.472 9.85572 2.09073 0.00224075 0.464464 0.343551 0.21051 0.609008 0.468238 -0.183503 -5.0347e-14 0.183503 -0.468238 -0.609008 -0.21051 -0.343551 -0.464464 -0.00224075 -2.09073 -9.85572 
data/to-extract/silence.wav 0 0.335659 0.888171 6.2347e-06 -315.537 0.197631 0.00503064 0.600313 0.284293 0.0900795 0.239873 0.147508 0.0683726 0.0339217 -5.15733e-14 -0.0339217 -0.0683726 -0.147508 -0.239873 -0.0900795 -0.284293 -0.600313 -0.00503064 -0.197631 
data/to-extract/silence.wav 0.464399 0.29021 0.889509 8.01356e-06 -314.898 0.499346 -0.844742 -0.0106193 0.764599 0.414292 0.11911 0.0568288 0.0404877 0.128279 -5.10196e-14 -0.128279 -0.0404877 -0.0568288 -0.11911 -0.414292 -0.764599 0.0106193 0.844742 -0.499346 
data/to-extract/silence.wav 0.928798 0.246015 0.788588 1.16639e-05 -313.881 0.799478 -1.95145 -0.459657 1.66825 1.15492 -0.109887 -0.324295 0.0525008 0.25421 -5.04879e-14 -0.25421 -0.0525008 0.324295 0.109887 -1.15492 -1.66825 0.459657 1.95145 -0.799478 
data/to-extract/silence.wav 1.3932 0.320694 0.784353 7.41755e-06 -315.229 0.439019 0.0169373 0.958481 0.75742 0.00325193 0.333105 0.556086 0.103745 -0.0340398 -5.09057e-14 0.0340398 -0.103745 -0.556086 -0.333105 -0.00325193 -0.75742 -0.958481 -0.0169373 -0.439019 
data/to-extract/silence.wav 1.8576 0.32914 0.546605 5.90233e-06 -315.544 0.543121 0.322034 0.687291 0.607168 0.265848 0.336327 0.359816 0.149037 0.0610412 -5.1551e-14 -0.0610412 -0.149037 -0.359816 -0.336327 -0.265848 -0.607168 -0.687291 -0.322034 -0.543121 
data/to-extract/silence.wav 2.322 0.341956 0.604242 5.0027e-06 -315.683 0.452811 0.303334 0.563693 0.467975 0.202725 0.273583 0.292027 0.110782 0.0367375 -5.16782e-14 -0.0367375 -0.110782 -0.292027 -0.273583 -0.202725 -0.467975 -0.563693 -0.303334 -0.452811 
data/to-extract/silence.wav 2.78639 0.318373 0.662879 6.20969e-06 -315.398 0.638879 0.4203 0.889623 0.672275 0.25565 0.418179 0.43848 0.154028 0.0356918 -5.14423e-14 -0.0356918 -0.154028 -0.43848 -0.418179 -0.25565 -0.672275 -0.889623 -0.4203 -0.638879 
data/to-extract/silence.wav 3.25079 0.275066 0.89206 1.04702e-05 -314.263 0.850797 -0.970442 0.520899 1.79904 0.744689 -0.19032 0.108508 0.455242 0.344144 -5.04642e-14 -0.344144 -0.455242 -0.108508 0.19032 -0.744689 -1.79904 -0.520899 0.970442 -0.850797 
data/to-extract/silence.wav 3.71519 0.314988 0.622186 6.26088e-06 -315.43 0.564818 0.336052 0.832563 0.613198 0.181512 0.35918 0.395386 0.115815 0.0209538 -5.14147e-14 -0.0209538 -0.115815 -0.395386 -0.35918 -0.181512 -0.613198 -0.832563 -0.336052 -0.564818 
data/to-extract/silence.wav 4.17959 0.304599 0.744485 6.5586e-06 -315.217 0.580154 -0.0293816 0.420569 0.224986 -0.183116 0.118156 0.179509 -0.15534 -0.161817 -5.13118e-14 0.161817 0.15534 -0.179509 -0.118156 0.183116 -0.224986 -0.420569 0.0293816 -0.580154 
data/to-extract/silence.wav 4.64399 0.200992 1.08763 2.40412e-05 -311.119 1.69703 -4.87412 -1.99274 3.27779 2.44781 -0.658612 -0.885469 0.199172 0.374926 -4.90736e-14 -0.374926 -0.199172 0.885469 0.658612 -2.44781 -3.27779 1.99274 4.87412 -1.69703 
data/to-extract/silence.wav 5.10839 0.275015 0.821789 8.70889e-06 -314.726 0.656957 -0.545113 0.565531 1.1366 0.359507 -0.0403503 0.041204 0.173075 0.303089 -5.07197e-14 -0.303089 -0.173075 -0.041204 0.0403503 -0.359507 -1.1366 -0.565531 0.545113 -0.656957 
data/to-extract/silence.wav 5.57279 0.31632 0.565057 5.81522e-06 -315.524 0.614131 0.396484 0.6647 0.538966 0.218581 0.287246 0.30935 0.121611 0.0500047 -5.16153e-14 -0.0500047 -0.121611 -0.30935 -0.287246 -0.218581 -0.538966 -0.6647 -0.396484 -0.614131 
data/to-extract/silence.wav 6.03719 0.287472 0.719068 7.73051e-06 -314.972 1.24359 0.891336 1.16127 0.837228 0.264676 0.315444 0.344293 0.0619275 -0.0305231 -5.14748e-14 0.0305231 -0.0619275 -0.344293 -0.315444 -0.264676 -0.837228 -1.16127 -0.891336 -1.24359 
data/to-extract/silence.wav 6.50159 0.30478 0.79643 7.2118e-06 -315.261 0.753809 0.453029 0.983612 0.749673 0.194953 0.400481 0.485871 0.133166 0.0100432 -5.1289e-14 -0.0100432 -0.133166 -0.485871 -0.400481 -0.194953 -0.749673 -0.983612 -0.453029 -0.753809 
data/to-extract/silence.wav 6.96599 0.326116 0.647553 5.75586e-06 -315.522 0.642546 0.457747 0.722654 0.589095 0.271154 0.333109 0.339647 0.134612 0.0520145 -5.16306e-14 -0.0520145 -0.134612 -0.339647 -0.333109 -0.271154 -0.589095 -0.722654 -0.457747 -0.642546 
data/to-extract/silence.wav 7.43039 0.309139 0.777842 7.76161e-06 -314.885 0.818266 -0.466654 -0.100091 0.832005 0.954344 0.365387 -0.138087 -0.0566711 0.185906 -5.15698e-14 -0.185906 0.0566711 0.138087 -0.365387 -0.954344 -0.832005 0.100091 0.466654 -0.818266 
data/to-extract/silence.wav 7.89478 0.319359 0.865306 5.76154e-06 -315.458 0.591831 0.312948 0.585944 0.344978 -0.0516414 0.00807547 0.0612028 -0.0854103 -0.101601 -5.16368e-14 0.101601 0.0854103 -0.0612028 -0.00807547 0.0516414 -0.344978 -0.585944 -0.312948 -0.591831 
data/to-extract/silence.wav 8.35918 0.261917 0.816423 1.46308e-05 -313.33 0.592339 -2.8176 0.095849 2.81451 0.489911 -1.76602 -0.549801 0.93304 0.712903 -4.92048e-14 -0.712903 -0.93304 0.549801 1.76602 -0.489911 -2.81451 -0.095849 2.8176 -0.592339 
data/to-extract/silence.wav 8.82358 0.315093 0.820551 5.52564e-06 -315.579 0.334926 -0.0645362 0.363406 0.37286 0.0379339 0.149922 0.232169 0.050394 0.00221925 -5.14667e-14 -0.00221925 -0.050394 -0.232169 -0.149922 -0.0379339 -0.37286 -0.363406 0.0645362 -0.334926 
data/to-extract/silence.wav 9.28798 0.338719 0.645199 5.15018e-06 -315.696 0.292035 0.101179 0.529866 0.381773 0.0209515 0.197647 0.278921 0.0545187 -0.0201246 -5.15183e-14 0.0201246 -0.0545187 -0.278921 -0.197647 -0.0209515 -0.381773 -0.529866 -0.101179 -0.292035 
data/to-extract/silence.wav 9.75238 0.316421 0.676757 5.77636e-06 -315.506 0.467885 0.198552 0.66985 0.460453 -0.0112469 0.181456 0.27136 0.00451783 -0.0556055 -5.14139e-14 0.0556055 -0.00451783 -0.27136 -0.181456 0.0112469 -0.460453 -0.66985 -0.198552 -0.467885 
data/to-extract/silence.wav 10.2168 0.284319 0.813597 7.24463e-06 -315.163 0.494839 -0.176748 0.701212 0.735054 -0.0915603 -0.0617319 0.218065 0.0508838 -0.0312268 -5.09776e-14 0.0312268 -0.0508838 -0.218065 0.0617319 0.0915603 -0.735054 -0.701212 0.176748 -0.494839 
data/to-extract/silence.wav 10.6812 0.316232 0.765971 6.57681e-06 -315.374 0.32181 -0.127045 0.735233 0.610299 -0.060678 0.241239 0.436453 0.0470449 -0.0718475 -5.10161e-14 0.0718475 -0.0470449 -0.436453 -0.241239 0.060678 -0.610299 -0.735233 0.127045 -0.32181 
data/to-extract/silence.wav 11.1456 0.255097 0.995282 1.83094e-05 -312.469 0.109182 -3.29828 1.62896 2.57895 -0.798891 -0.262921 1.01547 -0.0195968 -0.28017 -4.65832e-14 0.28017 0.0195968 -1.01547 0.262921 0.798891 -2.57895 -1.62896 3.29828 -0.109182 
data/to-extract/silence.wav 11.61 0.259097 0.82545 1.28518e-05 -313.698 0.407839 -1.98277 0.724079 1.75665 -0.00508001 -0.0893668 0.521026 0.0706451 -0.107237 -4.90566e-14 0.107237 -0.0706451 -0.521026 0.0893668 0.00508001 -1.75665 -0.724079 1.98277 -0.407839 
data/to-extract/silence.wav 12.0744 0.327372 0.798603 7.12436e-06 -315.309 0.513111 0.26098 0.770505 0.581868 0.146227 0.352433 0.479127 0.035827 0.0159462 -5.12968e-14 -0.0159462 -0.035827 -0.479127 -0.352433 -0.146227 -0.581868 -0.770505 -0.26098 -0.513111 
data/to-extract/silence.wav 12.5388 0.436963 0.47479 3.11256e-07 -316.21 0.020742 0.0152946 0.0136588 0.00777516 0.000711475 -0.000784209 -0.00119066 -0.00261982 -0.00187014 -5.20535e-14 0.00187014 0.00261982 0.00119066 0.000784209 -0.000711475 -0.00777516 -0.0136588 -0.0152946 -0.020742 
