data/to-extract/yeet.wav 0 0.799226 0.579796 5.79669e-07 -316.227 -0.00105004 0.000970972 -0.000866825 0.00075918 -0.000656904 0.000551452 -0.000432487 0.000297646 -0.000151585 -5.20566e-14 0.000151585 -0.000297646 0.000432487 -0.000551452 0.000656904 -0.00075918 0.000866825 -0.000970972 0.00105004 0.95752 0.5 
data/to-extract/yeet.wav 0.464399 0.802298 0.66415 6.00289e-07 -316.227 -0.00109181 0.00100991 -0.000901634 0.000789303 -0.000682326 0.000573042 -0.000449554 0.000309661 -0.000158124 -5.20566e-14 0.000158124 -0.000309661 0.000449554 -0.000573042 0.000682326 -0.000789303 0.000901634 -0.00100991 0.00109181 0.95813 0.5 
data/to-extract/yeet.wav 0.928798 0.800099 0.658954 6.01368e-07 -316.227 -0.00112545 0.00104321 -0.000933748 0.000819687 -0.000710152 0.000596244 -0.000467544 0.000321721 -0.0001637 -5.20566e-14 0.0001637 -0.000321721 0.000467544 -0.000596244 0.000710152 -0.000819687 0.000933748 -0.00104321 0.00112545 0.956055 0.5 
data/to-extract/yeet.wav 1.3932 0.624054 0.832072 8.65663e-05 -304.704 9.47364 0.266961 -0.416009 2.24485 1.99231 -0.118612 -1.00198 -0.553925 -0.0236229 -4.96474e-14 0.0236229 0.553925 1.00198 0.118612 -1.99231 -2.24485 0.416009 -0.266961 -9.47364 0.755005 0.5 
data/to-extract/yeet.wav 1.8576 0.112196 1.03237 0.000371109 -264.162 37.2628 -7.51374 -8.11153 3.17945 1.57066 -4.44177 -3.50913 -1.54948 -0.901641 -3.80044e-14 0.901641 1.54948 3.50913 4.44177 -1.57066 -3.17945 8.11153 7.51374 -37.2628 0.165649 0.5 
data/to-extract/yeet.wav 2.322 0.175569 0.965457 0.000182946 -273.925 27.2222 -0.0695727 -1.60139 0.868041 1.58136 -3.12872 -1.52397 -0.795784 -2.12431 -4.60498e-14 2.12431 0.795784 1.52397 3.12872 -1.58136 -0.868041 1.60139 0.0695727 -27.2222 0.338013 0.5 
data/to-extract/yeet.wav 2.78639 0.0979592 0.801059 0.000235479 -274.241 34.3576 0.696008 -4.02763 1.32535 -1.25143 -5.23303 -3.06293 -1.01728 -0.708229 -4.27174e-14 0.708229 1.01728 3.06293 5.23303 1.25143 -1.32535 4.02763 -0.696008 -34.3576 0.1698 0.5 
data/to-extract/yeet.wav 3.25079 0.109762 1.05383 0.000268793 -282.173 28.2014 5.87421 3.16722 1.5844 -0.660382 -1.4357 0.0566842 0.246843 -1.13579 -4.54562e-14 1.13579 -0.246843 -0.0566842 1.4357 0.660382 -1.5844 -3.16722 -5.87421 -28.2014 0.195923 0.5 
data/to-extract/yeet.wav 3.71519 0.130238 0.777379 0.000286708 -272.243 32.0145 -0.0490598 -1.06177 3.55626 3.96956 -1.19252 -3.14199 -3.77795 -3.12449 -4.43363e-14 3.12449 3.77795 3.14199 1.19252 -3.96956 -3.55626 1.06177 0.0490598 -32.0145 0.228027 0.5 
data/to-extract/yeet.wav 4.17959 0.159978 0.902476 0.000176416 -279.475 23.5107 1.80998 3.23106 3.65873 3.40841 -2.01719 -2.63573 -2.66172 -1.99581 -4.62787e-14 1.99581 2.66172 2.63573 2.01719 -3.40841 -3.65873 -3.23106 -1.80998 -23.5107 0.295044 0.5 
data/to-extract/yeet.wav 4.64399 0.156313 0.871177 9.06101e-05 -296.769 17.6758 7.24248 2.96221 3.2929 4.14447 1.91464 1.22285 0.570957 0.440155 -5.08705e-14 -0.440155 -0.570957 -1.22285 -1.91464 -4.14447 -3.2929 -2.96221 -7.24248 -17.6758 0.392212 0.5 
data/to-extract/yeet.wav 5.10839 0.1252 0.530312 0.000114578 -288.417 27.4594 8.69692 0.50251 2.43391 3.88258 0.604807 -1.6523 -1.58167 -0.623592 -5.0876e-14 0.623592 1.58167 1.6523 -0.604807 -3.88258 -2.43391 -0.50251 -8.69692 -27.4594 0.252319 0.5 
data/to-extract/yeet.wav 5.57279 0.230193 0.852814 9.52961e-05 -288.863 17.423 9.53958 1.12548 -0.2085 4.46053 -0.732938 0.670607 -0.292223 0.54337 -5.50234e-14 -0.54337 0.292223 -0.670607 0.732938 -4.46053 0.2085 -1.12548 -9.53958 -17.423 0.486816 0.5 
data/to-extract/yeet.wav 6.03719 0.09896 0.481953 0.000389605 -274.872 40.463 12.2774 1.31001 2.30966 0.915815 -2.60138 -3.29858 -3.1391 -2.07217 -4.80116e-14 2.07217 3.1391 3.29858 2.60138 -0.915815 -2.30966 -1.31001 -12.2774 -40.463 0.153076 0.5 
data/to-extract/yeet.wav 6.50159 0.115537 0.482276 0.000317663 -278.63 36.2661 11.777 2.9567 6.10587 4.24568 -3.90056 -6.30713 -4.11964 -0.768634 -4.91772e-14 0.768634 4.11964 6.30713 3.90056 -4.24568 -6.10587 -2.9567 -11.777 -36.2661 0.200073 0.5 
data/to-extract/yeet.wav 6.96599 0.146086 0.696697 0.000139582 -283.076 29.8385 7.13123 -3.40275 -0.911556 0.00442238 -0.347538 -0.405174 -1.61743 -1.8563 -4.88435e-14 1.8563 1.61743 0.405174 0.347538 -0.00442238 0.911556 3.40275 -7.13123 -29.8385 0.337402 0.5 
data/to-extract/yeet.wav 7.43039 0.128614 0.675347 0.00020145 -279.71 33.7432 7.90043 -2.48018 0.989399 3.66425 -0.207541 -2.02427 -2.63662 -1.21114 -4.99055e-14 1.21114 2.63662 2.02427 0.207541 -3.66425 -0.989399 2.48018 -7.90043 -33.7432 0.275146 0.5 
data/to-extract/yeet.wav 7.89478 0.130139 0.630973 0.000109206 -286.394 28.0403 6.33479 -1.88441 -0.684393 0.449748 -0.502512 -0.700266 -0.401883 -0.059585 -4.86662e-14 0.059585 0.401883 0.700266 0.502512 -0.449748 0.684393 1.88441 -6.33479 -28.0403 0.272095 0.5 
data/to-extract/yeet.wav 8.35918 0.134932 0.587452 0.000304906 -294.404 19.6505 9.17034 7.6222 5.94901 5.73302 4.2258 2.6835 0.775771 0.292227 -4.90516e-14 -0.292227 -0.775771 -2.6835 -4.2258 -5.73302 -5.94901 -7.6222 -9.17034 -19.6505 0.328857 0.5 
data/to-extract/yeet.wav 8.82358 0.127837 0.471796 0.000788801 -272.332 28.3113 13.1822 13.0568 1.76419 5.15704 3.64908 1.17963 0.486721 1.83876 -4.77354e-14 -1.83876 -0.486721 -1.17963 -3.64908 -5.15704 -1.76419 -13.0568 -13.1822 -28.3113 0.351074 0.5 
data/to-extract/yeet.wav 9.28798 0.130198 1.02564 0.000378274 -268.07 33.2756 0.943457 3.83001 6.57256 5.09924 -1.81268 -4.30877 -2.99986 -2.06404 -4.24257e-14 2.06404 2.99986 4.30877 1.81268 -5.09924 -6.57256 -3.83001 -0.943457 -33.2756 0.243286 0.5 
data/to-extract/yeet.wav 9.75238 0.15268 1.10283 0.000314191 -270.114 27.2817 -3.21327 1.76787 4.99842 4.61926 -3.74762 -5.40703 -1.70618 -0.0253024 -4.25165e-14 0.0253024 1.70618 5.40703 3.74762 -4.61926 -4.99842 -1.76787 3.21327 -27.2817 0.290771 0.5 
data/to-extract/yeet.wav 10.2168 0.149823 1.11433 0.000383174 -268.671 31.3198 0.360426 -4.58114 -4.49463 -0.983146 -0.877117 -0.852004 -2.35526 -3.08243 -4.5407e-14 3.08243 2.35526 0.852004 0.877117 0.983146 4.49463 4.58114 -0.360426 -31.3198 0.283447 0.5 
data/to-extract/yeet.wav 10.6812 0.137046 0.998348 0.000221264 -273.066 29.739 0.309979 2.01131 5.59456 3.53409 -3.11494 -4.31532 -2.70697 -2.07146 -4.34294e-14 2.07146 2.70697 4.31532 3.11494 -3.53409 -5.59456 -2.01131 -0.309979 -29.739 0.211426 0.5 
data/to-extract/yeet.wav 11.1456 0.0987281 0.890237 0.00054383 -271.401 35.0713 3.95163 2.01309 6.72475 5.79241 -0.675381 -2.53843 -1.02463 -0.178269 -4.38424e-14 0.178269 1.02463 2.53843 0.675381 -5.79241 -6.72475 -2.01309 -3.95163 -35.0713 0.157593 0.5 
data/to-extract/yeet.wav 11.61 0.172887 0.735429 0.000430207 -267.944 27.1183 2.21656 -0.984704 -6.58484 1.88663 1.02811 -0.980842 -1.93806 0.319908 -4.77662e-14 -0.319908 1.93806 0.980842 -1.02811 -1.88663 6.58484 0.984704 -2.21656 -27.1183 0.376221 0.5 
data/to-extract/yeet.wav 12.0744 0.16079 0.990415 0.000271019 -273.315 29.1743 -1.54646 -6.00929 -3.67413 1.25894 0.858566 -1.22145 -2.17345 -1.35174 -4.5411e-14 1.35174 2.17345 1.22145 -0.858566 -1.25894 3.67413 6.00929 1.54646 -29.1743 0.30127 0.5 
data/to-extract/yeet.wav 12.5388 0.150708 1.01992 0.000433344 -272.749 30.7222 3.19877 -6.19523 -4.47044 3.60208 2.25388 0.97599 -1.21948 -1.93109 -5.0618e-14 1.93109 1.21948 -0.97599 -2.25388 -3.60208 4.47044 6.19523 -3.19877 -30.7222 0.271118 0.5 
data/to-extract/yeet.wav 13.0032 0.0829222 0.640478 0.000398835 -274.646 35.7429 7.60501 -1.48001 -2.68428 1.691 2.38824 1.4883 1.23077 0.450887 -4.78446e-14 -0.450887 -1.23077 -1.4883 -2.38824 -1.691 2.68428 1.48001 -7.60501 -35.7429 0.156738 0.5 
data/to-extract/yeet.wav 13.4676 0.133412 1.03146 0.000324646 -268.207 32.4516 -1.5966 -2.10625 -3.59973 -2.71141 -1.25721 0.132237 -0.542931 -1.6886 -4.09976e-14 1.6886 0.542931 -0.132237 1.25721 2.71141 3.59973 2.10625 1.5966 -32.4516 0.22876 0.5 
data/to-extract/yeet.wav 13.932 0.128106 0.84991 0.000246722 -275.796 31.0167 3.8967 1.99885 3.20518 3.33804 -1.41736 -3.3871 -1.90363 -0.981023 -4.58602e-14 0.981023 1.90363 3.3871 1.41736 -3.33804 -3.20518 -1.99885 -3.8967 -31.0167 0.223633 0.5 
data/to-extract/yeet.wav 14.3964 0.130191 1.07633 0.00027072 -272.367 31.4081 -2.05724 -8.32561 -7.38361 -0.904817 -0.559296 -3.61059 -2.90389 -0.762292 -4.60201e-14 0.762292 2.90389 3.61059 0.559296 0.904817 7.38361 8.32561 2.05724 -31.4081 0.226196 0.5 
data/to-extract/yeet.wav 14.8608 0.164691 1.02072 0.000314071 -273.324 28.5469 1.83226 1.66064 2.9545 5.47585 -1.36163 -4.34577 -1.82672 0.170098 -4.65604e-14 -0.170098 1.82672 4.34577 1.36163 -5.47585 -2.9545 -1.66064 -1.83226 -28.5469 0.323242 0.5 
data/to-extract/yeet.wav 15.3252 0.123924 0.90375 0.000508397 -265.146 35.3784 4.96152 -0.168566 -3.75268 3.40154 2.19645 -0.624405 -2.71669 -1.52164 -4.74893e-14 1.52164 2.71669 0.624405 -2.19645 -3.40154 3.75268 0.168566 -4.96152 -35.3784 0.245361 0.5 
data/to-extract/yeet.wav 15.7896 0.0895719 0.859727 0.000531133 -271.164 36.3031 3.44847 0.803486 6.11889 6.91275 1.09223 -3.48351 -1.22893 1.73885 -4.30462e-14 -1.73885 1.22893 3.48351 -1.09223 -6.91275 -6.11889 -0.803486 -3.44847 -36.3031 0.167358 0.5 
data/to-extract/yeet.wav 16.254 0.0987288 1.03852 0.000286857 -272.455 36.7434 1.40458 -7.95752 -4.35739 -1.1588 0.272021 -0.660793 -2.34504 -1.23639 -4.40666e-14 1.23639 2.34504 0.660793 -0.272021 1.1588 4.35739 7.95752 -1.40458 -36.7434 0.161621 0.5 
data/to-extract/yeet.wav 16.7184 0.0950851 0.68419 0.000478355 -274.812 34.5603 6.95848 2.03247 4.13965 6.07091 0.0328769 -4.76454 -1.99842 1.24643 -4.70583e-14 -1.24643 1.99842 4.76454 -0.0328769 -6.07091 -4.13965 -2.03247 -6.95848 -34.5603 0.171997 0.5 
data/to-extract/yeet.wav 17.1828 0.102438 1.17001 0.000299186 -274.028 34.0571 -3.47741 -11.5562 -1.75456 3.29285 -2.42227 -8.10276 -6.32516 -2.31481 -4.7273e-14 2.31481 6.32516 8.10276 2.42227 -3.29285 1.75456 11.5562 3.47741 -34.0571 0.135742 0.5 
data/to-extract/yeet.wav 17.6472 0.121958 0.903 0.000127807 -283.05 28.7618 4.47051 -2.55464 -1.32263 -0.118848 -1.58592 -1.79593 -1.02419 -0.383261 -4.77053e-14 0.383261 1.02419 1.79593 1.58592 0.118848 1.32263 2.55464 -4.47051 -28.7618 0.225464 0.5 
data/to-extract/yeet.wav 18.1116 0.10193 1.01472 0.000338542 -272.651 35.7886 -1.5539 -12.4386 -5.3193 2.0575 -2.37382 -8.32717 -5.47465 -0.766797 -4.87207e-14 0.766797 5.47465 8.32717 2.37382 -2.0575 5.3193 12.4386 1.5539 -35.7886 0.15564 0.5 
data/to-extract/yeet.wav 18.576 0.137441 0.903751 0.000154874 -280.108 26.879 1.82992 -3.68373 -4.01586 0.639208 0.250418 -1.05005 -1.18449 -0.994846 -4.8419e-14 0.994846 1.18449 1.05005 -0.250418 -0.639208 4.01586 3.68373 -1.82992 -26.879 0.265625 0.5 
data/to-extract/yeet.wav 19.0404 0.0964443 0.79204 0.000605143 -266.512 40.4106 7.07939 -1.32369 -0.446668 4.23096 1.27414 -1.65767 -1.97541 -0.90466 -4.73511e-14 0.90466 1.97541 1.65767 -1.27414 -4.23096 0.446668 1.32369 -7.07939 -40.4106 0.211792 0.5 
data/to-extract/yeet.wav 19.5048 0.135962 0.947242 0.00027293 -266.431 32.2304 -2.92748 -3.79604 -1.66722 0.773616 -1.07056 -0.627616 -1.11897 -1.1357 -4.18851e-14 1.1357 1.11897 0.627616 1.07056 -0.773616 1.66722 3.79604 2.92748 -32.2304 0.254883 0.5 
data/to-extract/yeet.wav 19.9692 0.111209 1.05842 0.000402368 -266.447 34.2961 -6.69046 -10.5166 -4.92723 0.636977 -0.227009 -3.50946 -4.06432 -2.1094 -4.24682e-14 2.1094 4.06432 3.50946 0.227009 -0.636977 4.92723 10.5166 6.69046 -34.2961 0.180176 0.5 
data/to-extract/yeet.wav 20.4336 0.0815217 0.711736 0.000551947 -270.897 37.629 6.50455 1.23849 2.84442 5.05953 1.75967 -1.13704 0.552997 1.0567 -4.55281e-14 -1.0567 -0.552997 1.13704 -1.75967 -5.05953 -2.84442 -1.23849 -6.50455 -37.629 0.171265 0.5 
data/to-extract/yeet.wav 20.898 0.135567 0.967446 0.000358272 -261.772 34.9503 -7.15062 -1.92542 3.67966 2.73074 -1.32524 -2.04389 -0.195654 -1.3753 -3.73515e-14 1.3753 0.195654 2.04389 1.32524 -2.73074 -3.67966 1.92542 7.15062 -34.9503 0.220947 0.5 
data/to-extract/yeet.wav 21.3624 0.140906 1.016 0.00033837 -263.618 31.7617 -10.3197 -5.44494 1.16218 0.0326313 -4.54418 -5.27191 -2.79762 0.0674051 -3.57033e-14 -0.0674051 2.79762 5.27191 4.54418 -0.0326313 -1.16218 5.44494 10.3197 -31.7617 0.241577 0.5 
data/to-extract/yeet.wav 21.8268 0.112871 0.961581 0.000304374 -273.701 34.2827 0.746857 -7.85105 -5.03264 0.00695508 -1.14078 -3.79129 -3.579 -2.58357 -4.78939e-14 2.58357 3.579 3.79129 1.14078 -0.00695508 5.03264 7.85105 -0.746857 -34.2827 0.195679 0.5 
data/to-extract/yeet.wav 22.2912 0.122284 1.16081 0.000308077 -269.581 33.491 -0.76391 -1.06988 -0.664256 -4.17632 -6.69648 -2.88245 1.73881 1.18272 -3.98569e-14 -1.18272 -1.73881 2.88245 6.69648 4.17632 0.664256 1.06988 0.76391 -33.491 0.218994 0.5 
data/to-extract/yeet.wav 22.7556 0.0979815 0.939829 0.000562603 -266.392 37.3419 0.907767 5.53852 12.204 3.66329 -3.71904 -1.83091 -0.400744 -1.45081 -3.65759e-14 1.45081 0.400744 1.83091 3.71904 -3.66329 -12.204 -5.53852 -0.907767 -37.3419 0.175659 0.5 
data/to-extract/yeet.wav 23.22 0.123262 0.74101 0.00042267 -265.397 34.5559 -1.41597 -3.22754 -0.859195 -0.995861 -4.89544 -1.64593 1.21668 1.04509 -4.12267e-14 -1.04509 -1.21668 1.64593 4.89544 0.995861 0.859195 3.22754 1.41597 -34.5559 0.24292 0.5 
data/to-extract/yeet.wav 23.6844 0.0852582 0.810109 0.000505896 -266.948 41.3486 0.980329 -6.09287 1.84133 1.65367 -1.18925 0.457833 2.72876 2.75278 -4.02769e-14 -2.75278 -2.72876 -0.457833 1.18925 -1.65367 -1.84133 6.09287 -0.980329 -41.3486 0.138794 0.5 
data/to-extract/yeet.wav 24.1488 0.111127 0.998567 0.000412727 -273.159 32.4719 5.81381 -1.04066 -1.83258 2.88647 1.09092 -0.160663 -0.900415 -0.0721737 -4.79245e-14 0.0721737 0.900415 0.160663 -1.09092 -2.88647 1.83258 1.04066 -5.81381 -32.4719 0.221069 0.5 
data/to-extract/yeet.wav 24.6132 0.124679 0.768816 0.000473165 -259.991 36.3289 -0.645165 -6.13529 -2.19491 1.67891 -1.3044 2.02786 0.00214148 -1.064 -4.32099e-14 1.064 -0.00214148 -2.02786 1.3044 -1.67891 2.19491 6.13529 0.645165 -36.3289 0.250977 0.5 
data/to-extract/yeet.wav 25.0776 0.139683 0.948198 0.000319253 -266.399 29.8569 -9.74363 -9.00666 -5.23406 -2.64601 -2.92596 -1.20432 -0.69576 -0.927222 -3.93251e-14 0.927222 0.69576 1.20432 2.92596 2.64601 5.23406 9.00666 9.74363 -29.8569 0.245117 0.5 
data/to-extract/yeet.wav 25.542 0.130562 1.02075 0.000318017 -266.068 33.269 -7.97664 -6.49204 1.8638 1.47886 -3.18969 -2.20473 -0.54035 -0.804439 -3.87865e-14 0.804439 0.54035 2.20473 3.18969 -1.47886 -1.8638 6.49204 7.97664 -33.269 0.21228 0.5 
data/to-extract/yeet.wav 26.0063 0.16782 0.81584 0.000349413 -261.122 29.4839 -8.79467 7.51316 12.2256 2.16084 -2.33837 -0.925985 -1.00401 0.987399 -2.63467e-14 -0.987399 1.00401 0.925985 2.33837 -2.16084 -12.2256 -7.51316 8.79467 -29.4839 0.259033 0.5 
data/to-extract/yeet.wav 26.4707 0.134507 1.04038 0.000361133 -269.366 28.9919 -5.76247 3.29974 10.4552 3.78449 -3.44524 -2.66766 0.0929387 1.22806 -3.45201e-14 -1.22806 -0.0929387 2.66766 3.44524 -3.78449 -10.4552 -3.29974 5.76247 -28.9919 0.214844 0.5 
data/to-extract/yeet.wav 26.9351 0.147909 0.74681 0.000534684 -266.198 33.1281 9.87102 9.42686 1.3626 -0.740198 -3.25876 0.393084 0.535796 1.6957 -4.23238e-14 -1.6957 -0.535796 -0.393084 3.25876 0.740198 -1.3626 -9.42686 -9.87102 -33.1281 0.363159 0.5 
data/to-extract/yeet.wav 27.3995 0.113248 1.03505 0.000340899 -266.412 37.4463 -2.07843 -4.93298 0.105133 -2.12063 -6.71415 -3.96846 1.05648 0.826721 -4.05012e-14 -0.826721 -1.05648 3.96846 6.71415 2.12063 -0.105133 4.93298 2.07843 -37.4463 0.185913 0.5 
data/to-extract/yeet.wav 27.8639 0.143924 1.13307 0.00033714 -264.69 32.5806 -3.27761 4.87025 8.82344 -0.725557 -5.79482 0.510901 3.13773 -1.07796 -3.45001e-14 1.07796 -3.13773 -0.510901 5.79482 0.725557 -8.82344 -4.87025 3.27761 -32.5806 0.228638 0.5 
data/to-extract/silence.wav 0 0.335659 0.92505 6.2347e-06 -315.537 0.197631 0.00503064 0.600313 0.284293 0.0900795 0.239873 0.147508 0.0683726 0.0339217 -5.15733e-14 -0.0339217 -0.0683726 -0.147508 -0.239873 -0.0900795 -0.284293 -0.600313 -0.00503064 -0.197631 0.618164 0.5 
data/to-extract/silence.wav 0.464399 0.29021 0.889509 8.01356e-06 -314.898 0.499346 -0.844742 -0.0106193 0.764599 0.414292 0.11911 0.0568288 0.0404877 0.128279 -5.10196e-14 -0.128279 -0.0404877 -0.0568288 -0.11911 -0.414292 -0.764599 0.0106193 0.844742 -0.499346 0.596191 0.5 
data/to-extract/silence.wav 0.928798 0.246015 0.788588 1.16639e-05 -313.881 0.799478 -1.95145 -0.459657 1.66825 1.15492 -0.109887 -0.324295 0.0525008 0.25421 -5.04879e-14 -0.25421 -0.0525008 0.324295 0.109887 -1.15492 -1.66825 0.459657 1.95145 -0.799478 0.502441 0.5 
data/to-extract/silence.wav 1.3932 0.320694 0.784353 7.41755e-06 -315.229 0.439019 0.0169373 0.958481 0.75742 0.00325193 0.333105 0.556086 0.103745 -0.0340398 -5.09057e-14 0.0340398 -0.103745 -0.556086 -0.333105 -0.00325193 -0.75742 -0.958481 -0.0169373 -0.439019 0.633911 0.5 
data/to-extract/silence.wav 1.8576 0.32914 0.546605 5.90233e-06 -315.544 0.543121 0.322034 0.687291 0.607168 0.265848 0.336327 0.359816 0.149037 0.0610412 -5.1551e-14 -0.0610412 -0.149037 -0.359816 -0.336327 -0.265848 -0.607168 -0.687291 -0.322034 -0.543121 0.674316 0.5 
data/to-extract/silence.wav 2.322 0.341956 0.604242 5.0027e-06 -315.683 0.452811 0.303334 0.563693 0.467975 0.202725 0.273583 0.292027 0.110782 0.0367375 -5.16782e-14 -0.0367375 -0.110782 -0.292027 -0.273583 -0.202725 -0.467975 -0.563693 -0.303334 -0.452811 0.688477 0.5 
data/to-extract/silence.wav 2.78639 0.318373 0.662879 6.20969e-06 -315.398 0.638879 0.4203 0.889623 0.672275 0.25565 0.418179 0.43848 0.154028 0.0356918 -5.14423e-14 -0.0356918 -0.154028 -0.43848 -0.418179 -0.25565 -0.672275 -0.889623 -0.4203 -0.638879 0.641113 0.5 
data/to-extract/silence.wav 3.25079 0.275066 0.89206 1.04702e-05 -314.263 0.850797 -0.970442 0.520899 1.79904 0.744689 -0.19032 0.108508 0.455242 0.344144 -5.04642e-14 -0.344144 -0.455242 -0.108508 0.19032 -0.744689 -1.79904 -0.520899 0.970442 -0.850797 0.531982 0.5 
data/to-extract/silence.wav 3.71519 0.314988 0.622186 6.26088e-06 -315.43 0.564818 0.336052 0.832563 0.613198 0.181512 0.35918 0.395386 0.115815 0.0209538 -5.14147e-14 -0.0209538 -0.115815 -0.395386 -0.35918 -0.181512 -0.613198 -0.832563 -0.336052 -0.564818 0.618408 0.5 
data/to-extract/silence.wav 4.17959 0.304599 0.744485 6.5586e-06 -315.217 0.580154 -0.0293816 0.420569 0.224986 -0.183116 0.118156 0.179509 -0.15534 -0.161817 -5.13118e-14 0.161817 0.15534 -0.179509 -0.118156 0.183116 -0.224986 -0.420569 0.0293816 -0.580154 0.605835 0.5 
data/to-extract/silence.wav 4.64399 0.200992 1.08763 2.40412e-05 -311.119 1.69703 -4.87412 -1.99274 3.27779 2.44781 -0.658612 -0.885469 0.199172 0.374926 -4.90736e-14 -0.374926 -0.199172 0.885469 0.658612 -2.44781 -3.27779 1.99274 4.87412 -1.69703 0.337769 0.5 
data/to-extract/silence.wav 5.10839 0.275015 0.821789 8.70889e-06 -314.726 0.656957 -0.545113 0.565531 1.1366 0.359507 -0.0403503 0.041204 0.173075 0.303089 -5.07197e-14 -0.303089 -0.173075 -0.041204 0.0403503 -0.359507 -1.1366 -0.565531 0.545113 -0.656957 0.554443 0.5 
data/to-extract/silence.wav 5.57279 0.31632 0.565057 5.81522e-06 -315.524 0.614131 0.396484 0.6647 0.538966 0.218581 0.287246 0.30935 0.121611 0.0500047 -5.16153e-14 -0.0500047 -0.121611 -0.30935 -0.287246 -0.218581 -0.538966 -0.6647 -0.396484 -0.614131 0.668213 0.5 
data/to-extract/silence.wav 6.03719 0.287472 0.719068 7.73051e-06 -314.972 1.24359 0.891336 1.16127 0.837228 0.264676 0.315444 0.344293 0.0619275 -0.0305231 -5.14748e-14 0.0305231 -0.0619275 -0.344293 -0.315444 -0.264676 -0.837228 -1.16127 -0.891336 -1.24359 0.639526 0.5 
data/to-extract/silence.wav 6.50159 0.30478 0.79643 7.2118e-06 -315.261 0.753809 0.453029 0.983612 0.749673 0.194953 0.400481 0.485871 0.133166 0.0100432 -5.1289e-14 -0.0100432 -0.133166 -0.485871 -0.400481 -0.194953 -0.749673 -0.983612 -0.453029 -0.753809 0.651978 0.5 
data/to-extract/silence.wav 6.96599 0.326116 0.647553 5.75586e-06 -315.522 0.642546 0.457747 0.722654 0.589095 0.271154 0.333109 0.339647 0.134612 0.0520145 -5.16306e-14 -0.0520145 -0.134612 -0.339647 -0.333109 -0.271154 -0.589095 -0.722654 -0.457747 -0.642546 0.676392 0.5 
data/to-extract/silence.wav 7.43039 0.309139 0.777842 7.76161e-06 -314.885 0.818266 -0.466654 -0.100091 0.832005 0.954344 0.365387 -0.138087 -0.0566711 0.185906 -5.15698e-14 -0.185906 0.0566711 0.138087 -0.365387 -0.954344 -0.832005 0.100091 0.466654 -0.818266 0.650146 0.5 
data/to-extract/silence.wav 7.89478 0.319359 0.865306 5.76154e-06 -315.458 0.591831 0.312948 0.585944 0.344978 -0.0516414 0.00807547 0.0612028 -0.0854103 -0.101601 -5.16368e-14 0.101601 0.0854103 -0.0612028 -0.00807547 0.0516414 -0.344978 -0.585944 -0.312948 -0.591831 0.621704 0.5 
data/to-extract/silence.wav 8.35918 0.261917 0.816423 1.46308e-05 -313.33 0.592339 -2.8176 0.095849 2.81451 0.489911 -1.76602 -0.549801 0.93304 0.712903 -4.92048e-14 -0.712903 -0.93304 0.549801 1.76602 -0.489911 -2.81451 -0.095849 2.8176 -0.592339 0.482178 0.5 
data/to-extract/silence.wav 8.82358 0.315093 0.820551 5.52564e-06 -315.579 0.334926 -0.0645362 0.363406 0.37286 0.0379339 0.149922 0.232169 0.050394 0.00221925 -5.14667e-14 -0.00221925 -0.050394 -0.232169 -0.149922 -0.0379339 -0.37286 -0.363406 0.0645362 -0.334926 0.657227 0.5 
data/to-extract/silence.wav 9.28798 0.338719 0.645199 5.15018e-06 -315.696 0.292035 0.101179 0.529866 0.381773 0.0209515 0.197647 0.278921 0.0545187 -0.0201246 -5.15183e-14 0.0201246 -0.0545187 -0.278921 -0.197647 -0.0209515 -0.381773 -0.529866 -0.101179 -0.292035 0.670288 0.5 
data/to-extract/silence.wav 9.75238 0.316421 0.676757 5.77636e-06 -315.506 0.467885 0.198552 0.66985 0.460453 -0.0112469 0.181456 0.27136 0.00451783 -0.0556055 -5.14139e-14 0.0556055 -0.00451783 -0.27136 -0.181456 0.0112469 -0.460453 -0.66985 -0.198552 -0.467885 0.646606 0.5 
data/to-extract/silence.wav 10.2168 0.284319 0.813597 7.24463e-06 -315.163 0.494839 -0.176748 0.701212 0.735054 -0.0915603 -0.0617319 0.218065 0.0508838 -0.0312268 -5.09776e-14 0.0312268 -0.0508838 -0.218065 0.0617319 0.0915603 -0.735054 -0.701212 0.176748 -0.494839 0.602173 0.5 
data/to-extract/silence.wav 10.6812 0.316232 0.765971 6.57681e-06 -315.374 0.32181 -0.127045 0.735233 0.610299 -0.060678 0.241239 0.436453 0.0470449 -0.0718475 -5.10161e-14 0.0718475 -0.0470449 -0.436453 -0.241239 0.060678 -0.610299 -0.735233 0.127045 -0.32181 0.641602 0.5 
data/to-extract/silence.wav 11.1456 0.255097 0.995282 1.83094e-05 -312.469 0.109182 -3.29828 1.62896 2.57895 -0.798891 -0.262921 1.01547 -0.0195968 -0.28017 -4.65832e-14 0.28017 0.0195968 -1.01547 0.262921 0.798891 -2.57895 -1.62896 3.29828 -0.109182 0.43689 0.5 
data/to-extract/silence.wav 11.61 0.259097 0.82545 1.28518e-05 -313.698 0.407839 -1.98277 0.724079 1.75665 -0.00508001 -0.0893668 0.521026 0.0706451 -0.107237 -4.90566e-14 0.107237 -0.0706451 -0.521026 0.0893668 0.00508001 -1.75665 -0.724079 1.98277 -0.407839 0.507568 0.5 
data/to-extract/silence.wav 12.0744 0.327372 0.798603 7.12436e-06 -315.309 0.513111 0.26098 0.770505 0.581868 0.146227 0.352433 0.479127 0.035827 0.0159462 -5.12968e-14 -0.0159462 -0.035827 -0.479127 -0.352433 -0.146227 -0.581868 -0.770505 -0.26098 -0.513111 0.631714 0.5 
data/to-extract/silence.wav 12.5388 0.436963 0.47479 3.11256e-07 -316.21 0.020742 0.0152946 0.0136588 0.00777516 0.000711475 -0.000784209 -0.00119066 -0.00261982 -0.00187014 -5.20535e-14 0.00187014 0.00261982 0.00119066 0.000784209 -0.000711475 -0.00777516 -0.0136588 -0.0152946 -0.020742 0.143066 0.5 
